"genes" "logFC" "logCPM" "PValue" "FDR"
"AT5G23010" -6.14983039533489 5.10156814618567 2.07683737689907e-90 4.86122006979181e-86
"AT5G19600" -6.17440939616789 5.07544551013837 2.54607451411083e-90 4.86122006979181e-86
"AT1G47395" 6.53085410885295 3.87647608384398 1.39050881993272e-71 1.76993232659836e-67
"AT1G62360" -4.53148562779089 5.50641360677875 8.5643083149493e-69 8.17591693286635e-65
"AT3G19710" -6.46100737644586 3.5712681334646 6.30857227025206e-67 4.81798281423691e-63
"AT1G47400" 7.4523178555886 3.24791779287665 8.84307447033767e-63 5.62802736207191e-59
"AT1G13609" 6.05818206121721 3.41262465839001 4.47468224207256e-60 2.44100308708261e-56
"AT5G63160" -3.57908586560252 8.06671134303182 9.499870266896e-56 4.53452557514613e-52
"AT5G23020" -5.32896666031063 3.3556707094133 4.51779434560617e-55 1.91684994312575e-51
"AT5G05250" 3.95203073765016 5.00065703055642 3.01812993538011e-54 1.15250309712425e-50
"AT3G16150" -3.69598806780915 5.27226348582517 4.4940021061978e-51 1.56007240388426e-47
"AT3G28740" -3.5933667306623 5.4694157815222 9.60846833397762e-50 3.05757476501058e-46
"AT3G09922" -3.74937684940807 4.76779188269807 3.43775714040723e-49 1.00980149356608e-45
"AT2G30766" 6.65210913137334 2.46212363358263 1.94121902480967e-46 5.29481354867014e-43
"AT1G13300" -3.76034233622043 4.20136409942 1.75016387965183e-45 4.45545052722565e-42
"AT5G50760" -3.67472936125849 4.06496568071439 3.79386867453068e-43 9.05454182535178e-40
"AT3G25790" -10.8868594094654 2.00427609997582 2.79781740801363e-42 6.28455620837696e-39
"AT2G41380" -2.98307480692951 6.05134276395432 8.94366795062895e-39 1.89734946868176e-35
"AT3G22240" -3.27628838387576 4.38307752258049 1.22287906525244e-38 2.45772947293314e-35
"AT3G21260" -3.68940984419504 3.3331564309734 1.2907698146328e-37 2.46446680707841e-34
"AT4G16370" 2.82448297339896 7.11917276023022 2.97487095091172e-37 5.40944867292929e-34
"AT3G56980" 6.0586352064697 1.88549183569125 2.61176653360815e-35 4.53331440238004e-32
"AT4G15990" -4.09359401828742 2.65357039773967 5.53322671447201e-35 9.18659979647080e-32
"AT5G09220" 4.27484934937777 2.51078517622835 2.84119881267855e-34 4.52058407753929e-31
"AT1G31710" -3.49741111740295 3.05589067824783 1.47958143984388e-32 2.25997187447513e-29
"AT5G14200" -3.49243516177897 2.97988949913817 7.56201785024172e-32 1.11062774472819e-28
"AT3G56970" 4.95235574032616 1.9911619478113 9.8674569353406e-32 1.39555077975154e-28
"AT1G20160" -3.46629258677036 2.99223218363729 1.22153338702659e-31 1.66590978274991e-28
"AT3G25760" -3.80224278666322 2.57229697356031 1.73028596228152e-31 2.27836895709249e-28
"AT5G58390" -5.10442285034179 1.84673930639609 4.05861226744565e-31 5.16607226815599e-28
"AT1G07610" -2.5097737445839 6.92029128393385 2.01035328467093e-30 2.47636614607884e-27
"AT3G14660" -2.53159915207916 6.66552334893703 2.4669571792381e-30 2.94385083894956e-27
"AT1G64110" 2.73865683198074 4.6253605850623 2.6480271743738e-30 3.06416865698903e-27
"AT5G61420" -3.61644459457195 2.62063920325434 4.09194205880504e-30 4.59573233698616e-27
"AT2G41240" 5.34921707778815 1.59675584370265 5.43989373626388e-29 5.93507949179921e-26
"AT1G67870" -2.71576678230305 4.33009679800258 5.94806679049438e-29 6.3092466239394e-26
"AT2G45135" -3.6882105163544 2.34357718224473 2.60826735937281e-28 2.69187290229757e-25
"AT5G23660" -3.41140932256189 2.62398473010532 4.5921635796757e-28 4.61464101193411e-25
"AT4G13770" -4.42544410023153 1.76831180655781 9.94128553718101e-28 9.73379306468703e-25
"AT1G68230" -2.87583504051613 3.45633722119061 2.10663636334169e-27 2.01110040426414e-24
"AT3G13630" -3.41011808602905 2.38103106499058 4.32905377561019e-26 4.03193286525489e-23
"AT1G05562" -2.33158094954402 5.66289930756827 2.00757172589262e-25 1.82526509345085e-22
"AT5G47560" -2.33052748849383 5.66482742387242 2.09518372818883e-25 1.86062060103764e-22
"AT1G05560" -2.31730408527341 5.65941346030187 3.68920630083167e-25 3.20172799553541e-22
"AT5G07860" -2.30859847075394 5.24518309914465 2.18301954840934e-24 1.85246187723465e-21
"AT5G15800" -2.40350085379876 4.3597140894623 5.46017412585336e-24 4.5326567210834e-21
"AT2G11810" -2.46216092981465 3.8407187761596 2.56345425868912e-23 2.08272477281495e-20
"AT2G43535" -2.15318731089521 6.69177919948649 2.67609418105972e-23 2.12894442495722e-20
"AT5G17860" -2.70605873176918 3.07609768150979 3.74242234547147e-23 2.91649264661579e-20
"AT3G59140" -3.33154166161541 2.08268938673527 4.96777522499747e-23 3.77647145094234e-20
"AT5G38200" -2.12029858481226 7.67012686473459 5.04373445760382e-23 3.77647145094234e-20
"AT5G63450" -2.34092167204202 4.32179553034681 6.97129123450501e-23 5.11934090540016e-20
"AT4G00780" -3.75525001169763 1.66188392942908 1.43376643518312e-22 1.03301519045099e-19
"AT4G33420" -2.30926432297249 4.34470826827455 1.89916704464636e-22 1.34299245864566e-19
"AT3G48360" -2.07094310701805 7.38504645955409 4.89972721860971e-22 3.40183606490601e-19
"AT4G36850" -3.11433091979035 2.11634484099662 2.1277148250187e-21 1.45087354121722e-18
"AT1G77885" -2.29374419399928 4.00762852380744 2.83413144714733e-21 1.89866918317137e-18
"AT2G36970" -2.61173132315556 2.88602820920655 4.52160894927222e-21 2.97693378167085e-18
"AT2G30760" 4.17799008041544 1.26573494119878 8.08710569592223e-21 5.23413928990655e-18
"AT2G26700" -2.12550518825737 4.87958525530118 1.19894500899508e-20 7.63048568558103e-18
"AT1G27020" -2.17796386617043 4.39365457528517 1.45973840591157e-20 9.13796242100641e-18
"AT4G39780" -2.39749648382971 3.26252704605937 3.36784345037683e-20 2.07426564509822e-17
"AT1G21529" -2.90211365652491 2.17110737805541 7.71098902418013e-20 4.67383852186258e-17
"AT2G18196" -2.16992532047087 4.1224733645899 8.54661835100555e-20 5.09939325549215e-17
"AT1G12030" 2.12825228856034 4.41595114835213 8.79356457591832e-20 5.16601625993872e-17
"AT5G42530" 4.43494970467189 1.04220942238449 9.08170094473301e-20 5.25445200417538e-17
"AT3G26520" -1.95945340884895 6.26439372520134 1.29627461919335e-19 7.38799143410704e-17
"AT5G56870" -1.93705194625571 7.05366655388632 1.50448714389795e-19 8.44858030542456e-17
"AT1G13600" -4.01220015655622 1.21974889788449 1.67819805978507e-19 9.28748856680472e-17
"AT1G64370" -2.15890010344194 3.97280097013472 2.66746000444704e-19 1.45513753899735e-16
"AT4G19720" -2.24168672170887 3.59143759571444 3.21397315118121e-19 1.72857434860571e-16
"AT2G21450" -3.16405822708837 1.73588652086496 3.77554649140045e-19 2.0024030322308e-16
"AT3G20340" -2.03663864897058 4.79056657751188 4.15312920330947e-19 2.17248481859692e-16
"AT1G73340" -2.31842755909887 3.133820344786 1.03310969102635e-18 5.33112522453137e-16
"AT4G27460" -2.18645844470606 3.6012067903494 1.23547953430309e-18 6.29040286625304e-16
"AT5G03545" -1.85770350436223 8.76401455286024 1.75031449779843e-18 8.79440913328036e-16
"AT1G23110" -2.77022511653969 2.14297962630194 1.79128540996862e-18 8.88337982663141e-16
"AT1G66795" -2.20743786371636 3.49449500350777 1.8215367607185e-18 8.91759009548673e-16
"AT5G25460" -1.85822814893382 7.29643180994209 2.8949836273972e-18 1.39933980754164e-15
"AT2G24580" -2.53503921503168 2.4329116639582 4.86998427514795e-18 2.324565244135e-15
"AT3G56620" -4.59418344295381 0.807357932613607 6.58039096699074e-18 3.10220752426554e-15
"AT5G02455" -2.30366048583374 2.98681460865737 8.6276844180407e-18 4.01776533155246e-15
"AT3G27970" -2.86171529591401 1.89521763475788 8.95419800204809e-18 4.11957837236395e-15
"AT5G07870" -1.84867753424043 6.2329485628501 9.87612301385282e-18 4.48963849294028e-15
"AT1G80050" -2.16209268694943 3.39751771133293 1.40720570699706e-17 6.32183025028117e-15
"AT5G06870" -1.92118831468254 4.7245408081435 3.08945190852415e-17 1.37178849510353e-14
"AT1G67148" -1.97161501150284 3.97769871625492 1.214125066627e-16 5.329032160255e-14
"AT4G15550" -1.76024360789079 6.80308406668638 1.63710327939769e-16 7.10391202580457e-14
"AT5G22890" -2.08252186177334 3.28332938668727 3.08203278501489e-16 1.3127241977959e-13
"AT2G37210" -2.11175854427455 3.16015715415859 3.09393960618108e-16 1.3127241977959e-13
"AT1G08847" -2.07946420300523 3.26813394384789 3.66525611855264e-16 1.53803813344012e-13
"AT5G08370" -1.85970063577471 4.57908363948189 3.72858896791428e-16 1.54760759053016e-13
"AT1G78020" -1.89185665149764 4.2775950116556 4.18370906947034e-16 1.71783994114833e-13
"AT1G07600" -1.71525890491895 8.56034212732229 4.25506968587193e-16 1.72855415983729e-13
"AT2G01950" -1.87709099567543 4.33316879103263 4.9567585323204e-16 1.99240822437039e-13
"AT2G45130" -2.62531494168682 1.93323334094978 5.2134883441227e-16 2.0737736032153e-13
"AT3G54590" -2.2965073319575 2.52823962832112 5.97321738908621e-16 2.35147710535718e-13
"AT5G03985" -1.76435810396676 5.60244600380605 7.76837944470129e-16 3.02697283138126e-13
"AT1G23020" 1.8402001463944 4.52847966212649 8.72868848802762e-16 3.36680503640225e-13
"AT3G05640" -2.58870321166606 1.94585210612867 9.21080356401746e-16 3.51723744895571e-13
"AT4G15765" -2.08457535820943 3.09552557481561 9.71196213112441e-16 3.66778442153103e-13
"AT3G01420" -1.96331563361598 3.64144095397659 9.79715107621026e-16 3.66778442153103e-13
"AT4G35770" -1.82548141858378 4.60618880608907 1.06666280669097e-15 3.95452290643704e-13
"AT2G13360" -1.88217928412032 4.06736854019565 1.19041563089363e-15 4.3708857001254e-13
"AT1G07590" -1.68068085457497 8.93138959738717 1.42245117432292e-15 5.17311624216144e-13
"AT5G67180" -2.16681178626737 2.78375260306151 1.70411957551361e-15 6.13901038778893e-13
"AT4G15100" -3.47074051997106 1.03859606994278 1.9515114395496e-15 6.96452484398514e-13
"AT5G44130" -3.79087332117474 0.833878586249561 2.20398513203369e-15 7.69190574356087e-13
"AT5G03860" 1.73089110537367 5.6766403704572 2.23034120244387e-15 7.69190574356087e-13
"AT3G11000" -5.13066482299607 0.386034278757457 2.2359019995162e-15 7.69190574356087e-13
"AT5G57625" -5.13066482299607 0.386034278757457 2.2359019995162e-15 7.69190574356087e-13
"AT1G49500" -1.85159890390263 4.14525270135573 2.39167286445437e-15 8.15432321446916e-13
"AT3G58990" -3.66151341096161 0.900998157942969 2.45589541526684e-15 8.29918781658225e-13
"AT2G32870" -3.25059467675764 1.09660853412697 2.77283624184097e-15 9.28802848517011e-13
"AT1G05240" -4.10393034273867 0.658574253451696 3.29559294302164e-15 1.09430880106282e-12
"AT5G65280" -1.87998362197006 3.86055584223135 3.62674874258739e-15 1.19388816796933e-12
"AT4G28040" -2.48622374627778 1.98305721935856 4.60816656270033e-15 1.50399528515619e-12
"AT3G51895" -3.52322432460731 0.939644141876454 5.28081340267059e-15 1.70892492029135e-12
"AT2G29420" -1.64215895945465 7.51715850394381 8.16677521573427e-15 2.62064267552965e-12
"AT2G45760" -3.03288859236879 1.21708518421148 8.90397137811326e-15 2.83339209203861e-12
"AT5G59080" -2.00822649253349 3.06312829157549 9.28354120714421e-15 2.92976284740503e-12
"AT1G17180" -1.72916540989157 4.93924349056205 9.44529651779078e-15 2.95637781006851e-12
"AT1G71880" -1.63592937779918 7.38782713172885 1.07269377982563e-14 3.33023452653832e-12
"AT4G29700" -2.034304147465 2.93470610328727 1.10130758551017e-14 3.39149447260414e-12
"AT2G08340" -1.63171913497605 7.46781491239858 1.20500285166051e-14 3.68113911148066e-12
"AT5G55250" 1.89142650684894 3.5783565707039 1.32299007824632e-14 4.00949993078683e-12
"AT2G37130" -1.68177964733493 5.56453732000656 1.42666414173255e-14 4.28965330048812e-12
"AT1G14130" -1.64792247435255 6.08127402080216 1.68344225979477e-14 5.02218172910336e-12
"AT2G03550" -4.27271808462394 0.511269297411665 1.92618681789955e-14 5.70181161459784e-12
"AT5G04150" 8.77709776707413 -0.0129284466534996 1.98699231596329e-14 5.83656065979802e-12
"AT1G26720" -3.37324478920917 0.952006973182917 2.11355830118783e-14 6.16094177779835e-12
"AT2G44300" -3.46440391676714 0.88727842062747 2.15058703512628e-14 6.22138761540394e-12
"AT2G43100" -2.66629500285721 1.56162189983593 2.31351818929723e-14 6.6424064343236e-12
"AT5G20150" -1.61459748290208 6.85978071681791 2.93956601780981e-14 8.37688566836458e-12
"AT1G66180" -1.59166714045995 7.48597597026625 4.85750568320439e-14 1.37399045939884e-11
"AT4G24540" 1.9940465283521 2.94145822275073 5.13046579694701e-14 1.44052916854572e-11
"AT2G01990" -2.03466517719987 2.76857431709235 5.20164044399705e-14 1.44985286127351e-11
"AT4G12030" -3.79451770244567 0.626482515152671 5.95768006680206e-14 1.64855051471669e-11
"AT5G17340" -2.86591468815671 1.24782439927672 6.12307786886339e-14 1.68212842806056e-11
"AT5G16570" -2.49580414305104 1.73303640097403 6.63251667081428e-14 1.80906629708367e-11
"AT5G37730" -2.72684062108875 1.3567364494991 9.47932356268029e-14 2.56399234102531e-11
"AT4G08780" -1.57641806330644 7.12690575044732 9.53456534922731e-14 2.56399234102531e-11
"AT2G01530" -1.90071305271197 3.1641393943821 9.71915908702447e-14 2.59535530697284e-11
"AT1G07373" 5.65172174873545 0.0802692427287886 1.05571922557974e-13 2.79956210749917e-11
"AT3G04360" -1.95353210918657 2.90175539475057 1.06652373045186e-13 2.80870863248514e-11
"AT2G32960" -2.24853017207061 2.13468039905911 1.08769965905506e-13 2.8448561082655e-11
"AT1G67645" -3.29933677288999 0.886825594481777 1.19080243651936e-13 3.09333209802232e-11
"AT4G20270" -1.65823535036253 4.84821838557203 1.22730514521654e-13 3.16661312670532e-11
"AT5G64910" -3.02747969699717 1.01310778730221 1.38095484667192e-13 3.53913703188013e-11
"AT4G23690" -1.62144628032835 5.30444014916517 1.55892753516548e-13 3.96861379052194e-11
"AT2G35340" -1.97881517356883 2.79312601950114 1.77000165253833e-13 4.4761114638297e-11
"AT1G08430" -1.557233966884 7.08200976497274 1.87002618856548e-13 4.69794868661588e-11
"AT1G17710" -3.740153405608 0.577776681044089 1.92688273247058e-13 4.80914666811252e-11
"AT1G02610" -1.85442996843837 3.25886628528312 1.95238222914816e-13 4.84114725988646e-11
"AT2G01660" -1.83627840416981 3.31142493790368 2.53560399349494e-13 6.24674671584503e-11
"AT5G23830" -1.61245400990844 5.11643471371544 2.76118081930825e-13 6.75887504910929e-11
"AT1G06350" -2.33680976882254 1.85926211650211 2.78742391541358e-13 6.7796541168142e-11
"AT2G08820" -1.60129701719998 5.23978350184168 3.20596001085387e-13 7.74827778319403e-11
"AT1G79310" -1.81347142875206 3.32595983038786 3.33678234702478e-13 8.01373400650869e-11
"AT4G19370" -2.11050993181944 2.2771605350597 3.66076388371266e-13 8.73687060396573e-11
"AT1G63820" -1.68789071661806 4.13700849051805 3.93399129321264e-13 9.33064543618745e-11
"AT5G10770" -1.70876824912543 3.92666326882498 4.6079051481252e-13 1.08615719744635e-10
"AT4G34138" -1.59463687526095 5.13308401243914 4.84674919354309e-13 1.13544763622476e-10
"AT1G78460" -2.2198851979286 2.04827064991527 4.95152145149815e-13 1.15291950089578e-10
"AT2G22122" -1.78759226764049 3.37844503218891 5.00583889347963e-13 1.15850281203887e-10
"AT4G20210" -1.86227738978976 3.0174523132774 6.00086573020412e-13 1.38041601670828e-10
"AT1G67865" -2.04808389547914 2.39785578932683 6.06196802288929e-13 1.38612162228773e-10
"AT4G25400" -1.97679572694955 2.61277588323328 6.42681092544466e-13 1.4607988214228e-10
"AT2G22080" -1.5673347259044 5.39848587019965 7.22977311784356e-13 1.63358648685192e-10
"AT1G23050" -2.17559009014937 2.10606635474885 7.43256011978913e-13 1.65976456569747e-10
"AT1G23052" -2.17559009014937 2.10606635474885 7.43256011978913e-13 1.65976456569747e-10
"AT3G58780" -1.5916009099698 4.91558853173597 8.32302120137913e-13 1.84780748602246e-10
"AT1G22065" 2.51102735855855 1.50637301333509 1.01813588512409e-12 2.24731427221667e-10
"AT2G15960" -1.63457897747949 4.32633798190329 1.05570192016909e-12 2.31684100710211e-10
"AT2G04850" -1.72652759098899 3.58973233315203 1.18069396587162e-12 2.57634170175849e-10
"AT4G29080" -1.74166827320983 3.47801096050755 1.22264366798422e-12 2.65271994918439e-10
"AT1G56430" 3.97891179014279 0.328425404114206 1.29822248525621e-12 2.80078665660981e-10
"AT2G27550" 3.11823824669005 0.808124988702543 1.39084545200983e-12 2.98375418148581e-10
"AT1G19570" -1.49674313094804 7.05214468670853 1.42172570156024e-12 3.03296187931728e-10
"AT1G52140" -1.57602224457866 4.85933893608172 1.44516442806299e-12 3.06583604722296e-10
"AT3G23430" -1.80133093259176 3.13583506333371 1.49072120556179e-12 3.14500994229737e-10
"AT5G52050" -1.53270579939821 5.63722356787082 1.54064941356953e-12 3.23248563222891e-10
"AT3G25290" -1.52702646498668 5.72242545228602 1.67863722915396e-12 3.50275635150127e-10
"AT1G67260" 2.82252160274832 1.11346120357331 1.72611012367282e-12 3.58224136861796e-10
"AT1G64795" 2.61405363850806 1.33752784876828 1.86874410322305e-12 3.85728985544192e-10
"AT3G25590" -1.69211075356148 3.6295034943917 2.00265849221517e-12 4.09848626014758e-10
"AT5G24780" 2.29285811312436 1.77400197456113 2.00706261626669e-12 4.09848626014758e-10
"AT1G34060" -2.37471326429082 1.58493396708149 2.37180169735831e-12 4.81477213338436e-10
"AT1G79180" -1.64797728097504 3.91971758891562 2.38305120517898e-12 4.81477213338436e-10
"AT4G34139" -1.6337100366772 3.97813545920269 2.96608273355644e-12 5.96120185597822e-10
"AT1G53903" -1.56294371178008 4.67072295979985 3.17527571423541e-12 6.34822400124572e-10
"AT1G69870" -2.83421405969311 0.950254517919631 3.21009538142113e-12 6.38441157473684e-10
"AT3G23800" -3.06949362141601 0.818103125088013 3.37831720283685e-12 6.68416687603772e-10
"AT3G24430" 1.63662454070063 3.9277447537231 4.00518602352392e-12 7.88360997393219e-10
"AT2G36380" -1.44927131309297 8.25123693682252 4.68098158119006e-12 9.16656218765762e-10
"AT2G29490" -1.46801305914985 6.44808065710587 4.96525305377915e-12 9.67059273405108e-10
"AT3G15990" -1.53702192841031 4.83352879088867 4.99512659259031e-12 9.67059273405108e-10
"AT4G28790" -1.48166439090998 5.87417862828655 5.01434389918324e-12 9.67059273405108e-10
"AT3G22120" 1.45029266627954 7.74593409804051 5.10575368660747e-12 9.79740252647201e-10
"AT5G10210" -1.54743857105989 4.64446144844197 5.9951033073624e-12 1.1446450744747e-09
"AT5G57520" -3.4462433983276 0.526835872849796 6.31736325835367e-12 1.20017330041539e-09
"AT1G54660" -1.99278660646923 2.20916801045073 7.17056053008656e-12 1.35090260416064e-09
"AT1G19550" -1.60279845231506 3.9732158067818 7.18151229886897e-12 1.35090260416064e-09
"AT3G20380" -3.97950914774747 0.246404532242539 7.29609057908141e-12 1.3636401434814e-09
"AT3G22121" 1.43910068119668 7.74247209882658 7.32165498160302e-12 1.3636401434814e-09
"AT5G01600" -1.43982019313453 7.61330641054953 7.35635755400324e-12 1.3636401434814e-09
"AT2G08825" -1.53986975091673 4.6276993906836 7.61325037140414e-12 1.40444240909391e-09
"AT2G22630" 1.6586252049551 3.55600701447174 7.8419815371482e-12 1.43968224508433e-09
"AT3G20520" -3.10478822068692 0.717269334100286 8.26174501211623e-12 1.50948801451038e-09
"AT2G32880" -5.4828327094623 -0.155743628206128 8.60156298517004e-12 1.56409182929382e-09
"AT5G67370" 1.92454864368684 2.43904358366475 9.24438442853472e-12 1.6730145203224e-09
"AT1G71695" -1.4405443834124 6.81940564508364 9.67122521976776e-12 1.73813110490604e-09
"AT4G19420" -1.46729944398761 5.81240297891096 9.69522666278183e-12 1.73813110490604e-09
"AT4G09760" -1.5227482285713 4.66267731387022 1.05873614816004e-11 1.88920086699249e-09
"AT3G09155" -2.6729129709507 0.999556949250701 1.41447218337739e-11 2.512234176486e-09
"AT1G69325" -2.25874616366283 1.58431302123119 1.65967985908217e-11 2.93409884717185e-09
"AT5G43150" -1.69953668011202 3.17347825711299 1.6963039155725e-11 2.98502586728348e-09
"AT3G23930" -1.61287953495537 3.63279481750259 1.84320268682633e-11 3.22864852289679e-09
"AT2G28680" 2.35940167486825 1.43857336879421 2.26535106997159e-11 3.9499861168007e-09
"AT1G17860" -1.49387634032345 4.70141331618171 2.40332814668649e-11 4.17152220951684e-09
"AT1G16400" -3.05175632577818 0.671587831713496 2.43064014290157e-11 4.19983821252667e-09
"AT3G18550" -1.71418913718212 2.99501939622553 2.63199081592162e-11 4.5272613196749e-09
"AT5G25140" -1.621708028192 3.4233954122192 3.46738979833687e-11 5.93747743673954e-09
"AT3G15353" -1.47965239829736 4.50670152516465 5.25761157529419e-11 8.96281944706178e-09
"AT2G21560" -2.06447612957253 1.8234913979457 5.62583291656361e-11 9.54791358897324e-09
"AT2G35470" -1.52275492948774 4.0244644697356 5.99963154116104e-11 1.01372535411848e-08
"AT4G16000" -3.85845148327093 0.138715990740243 6.52968286874117e-11 1.09842497808701e-08
"AT3G30180" -1.43700334085855 5.04857784935694 6.62724256004332e-11 1.10994686139392e-08
"AT5G20410" -1.59072594250491 3.47018333427073 6.72657726542054e-11 1.12166410243384e-08
"AT4G28290" -1.64811669465551 3.12345994757164 7.23383098185896e-11 1.2010046516229e-08
"AT2G38940" -1.46320326661655 4.52575370285856 8.2439371916167e-11 1.36278348744188e-08
"AT5G24165" -1.68750521556566 2.88329898835378 8.75068834894597e-11 1.44031804005539e-08
"AT1G12010" -1.40178836716411 5.4537553247584 1.01236405679237e-10 1.65914737650959e-08
"AT5G54840" -1.53895668496664 3.7032569532517 1.02509419897628e-10 1.67283107188497e-08
"AT4G37250" -1.38299871935965 5.87076482757439 1.03785942389063e-10 1.68645531747606e-08
"AT1G05347" -1.43728997385858 4.74069529001631 1.04963820934577e-10 1.69836799415583e-08
"AT2G20670" -1.37444220473772 6.17949926260793 1.06705630311393e-10 1.71926632872187e-08
"AT1G09390" 1.51652201956389 3.81123711747902 1.25235871962064e-10 2.00935168350562e-08
"AT4G28280" -1.62223835005502 3.13720154366192 1.29104445001697e-10 2.05925624741974e-08
"AT1G07400" 1.34049980780864 9.00416923297798 1.29424789027585e-10 2.05925624741974e-08
"AT3G21770" -1.35244013452345 6.71628258751064 1.53225581418256e-10 2.42783072698653e-08
"AT2G33830" -1.33267950280684 8.75315098949629 1.68106692069694e-10 2.65261245593939e-08
"AT1G05787" -2.80965736291431 0.71628314132423 1.69856463659745e-10 2.66919297173293e-08
"AT2G31790" -2.64183066998811 0.788441406203313 1.76395287225791e-10 2.76058624508363e-08
"AT1G68740" -2.47455020990098 0.998702529537378 1.82041886036175e-10 2.83723909595861e-08
"AT2G38380" 1.34270332841481 7.02026879726205 1.82779243074901e-10 2.83723909595861e-08
"AT1G24575" -1.89624575726381 2.02833804659368 1.87337401414304e-10 2.89622105684478e-08
"AT5G52640" 1.32293815231943 11.0891274148129 1.98228394095577e-10 3.05223768424746e-08
"AT1G20700" -1.59008213394112 3.1562458081931 2.04799482305506e-10 3.13942647918234e-08
"AT1G05000" -1.44993040853028 4.25995979213056 2.05535175141566e-10 3.13942647918234e-08
"AT3G04530" -1.50788089182868 3.68031487203959 2.40669950000438e-10 3.66144331104251e-08
"AT3G25240" -1.43890852719331 4.31484789434348 2.49856322302511e-10 3.78611647755702e-08
"AT5G14730" -1.3738688462385 5.35918024704734 2.5477835141241e-10 3.84544115693056e-08
"AT3G28100" -1.67712257974609 2.68846806194362 2.80984730317997e-10 4.22428461099332e-08
"AT2G01913" -1.41737338936985 4.55262730769104 2.89929701064661e-10 4.3416688489628e-08
"AT2G22980" -2.93945978733068 0.575664794542807 3.09937528424172e-10 4.62187820712697e-08
"AT1G12110" -1.32173394836622 7.27177316783883 3.11062352493488e-10 4.62187820712697e-08
"AT5G48010" -1.63800393547196 2.84600424568911 3.17412527208735e-10 4.69795145891192e-08
"AT1G30720" 1.47394938381153 3.89741743109943 3.22605440492513e-10 4.75637503885989e-08
"AT3G44510" -2.41201515003667 1.02274393043823 3.28552655579589e-10 4.82542757921622e-08
"AT2G46690" -1.5881235107359 3.11171213667404 3.51149476952596e-10 5.1375455658666e-08
"AT1G21680" -1.31054974480905 7.87187587058603 3.73642256841263e-10 5.44576458768721e-08
"AT4G40090" -3.75371456664656 0.0464111117299101 3.87112512398892e-10 5.60868195256047e-08
"AT4G12470" -1.57774672485767 3.12568635492651 3.88235407138407e-10 5.60868195256047e-08
"AT3G47220" -1.6617136244513 2.69213392706795 3.89226605936345e-10 5.60868195256047e-08
"AT1G17170" -1.32365464696727 6.49321077219449 4.00435824058298e-10 5.74851217198879e-08
"AT5G13170" 2.24824906312262 1.29144085839966 4.14484081621186e-10 5.92789855460172e-08
"AT5G24570" 1.38712764257279 4.77930630581396 4.38141161748183e-10 6.24285761287915e-08
"AT1G54050" 1.31030697513347 7.22754233491063 4.45577786438469e-10 6.32521685982877e-08
"AT4G37445" -2.25822450525588 1.22424813721162 4.66517954983572e-10 6.59794615888989e-08
"AT1G47271" -2.46342627262502 0.9101220683009 4.71989216820487e-10 6.65069381310225e-08
"AT5G20790" -1.5324613306957 3.31144476461281 4.80953937505863e-10 6.75209818294076e-08
"AT4G30670" -1.99812030941559 1.70041838212564 5.37924357763026e-10 7.52424158444649e-08
"AT1G62290" 1.32492251938057 5.93736049968939 5.51638752757555e-10 7.68791146452555e-08
"AT1G56680" -1.73538393859328 2.36751841633088 5.82869658919665e-10 8.09362210745685e-08
"AT4G12870" -2.38199608664631 0.998275224299687 6.01881387127333e-10 8.32733429305955e-08
"AT2G33160" 1.97534407695042 1.71907855427 6.16782215573069e-10 8.48469084962248e-08
"AT5G25190" 1.40587121710216 4.32841397137025 6.17698647723001e-10 8.48469084962248e-08
"AT5G18130" -1.37244084597755 4.80086792860386 6.29650744097271e-10 8.61786498713204e-08
"AT1G51830" -4.44186785039653 -0.241130067416639 6.42891169734566e-10 8.73645630159578e-08
"AT3G19700" -4.44186785039653 -0.241130067416639 6.42891169734566e-10 8.73645630159578e-08
"AT1G05760" -1.90275219634136 1.89002097984351 6.50136537098866e-10 8.80358645590685e-08
"AT5G58350" -1.3409685478864 5.37423937329437 6.53253205789933e-10 8.81453247925596e-08
"AT3G02885" 2.2016073516876 1.31099144741296 6.56349110920482e-10 8.825122235778e-08
"AT4G23670" -1.46249876381175 3.75595828766197 6.61788202775574e-10 8.86703309164494e-08
"AT4G38970" -1.60235889585393 2.85924705968304 6.76840626428751e-10 9.03700565063227e-08
"AT1G12080" 1.79552877407815 2.20167515408605 7.03607632633171e-10 9.36165890582936e-08
"AT5G06860" -1.28285967993645 9.19131058974799 7.14147703827684e-10 9.46890424248749e-08
"AT5G06865" -1.28053772820346 9.19657425338564 7.64286837573135e-10 1.00986357022726e-07
"AT4G12290" -1.3061296996561 6.20684432792796 7.79581724490197e-10 1.02652095625457e-07
"AT2G33330" -1.33714631642436 5.28881780498476 8.17261463984394e-10 1.07243801593498e-07
"AT3G03105" -1.41100853293798 4.13182485029524 8.418246859466e-10 1.10088758416291e-07
"AT5G64240" -1.35409472454994 4.89306335615996 8.76980521639676e-10 1.14294806141067e-07
"AT2G18550" -2.43104920221846 0.883653927143522 8.88961759028519e-10 1.15462223572323e-07
"AT1G77950" 2.14945157295793 1.37689178259019 9.4264192610426e-10 1.22019405390567e-07
"AT4G36410" -1.543085445285 3.09999151351984 1.04614585244082e-09 1.34959883517923e-07
"AT2G32487" -4.40879379896729 -0.270483149919926 1.05253079318445e-09 1.35326400230779e-07
"AT2G28110" -1.36572267865985 4.56251109921354 1.06574272062924e-09 1.3656527359043e-07
"AT3G11280" -1.42616312534707 3.81231835866395 1.20568633209259e-09 1.53981064472534e-07
"AT1G77145" 1.33518797150393 4.98687810564033 1.30699033613251e-09 1.66362443251853e-07
"AT1G43650" -2.78401775285431 0.575136636685344 1.37064615061959e-09 1.73885361819136e-07
"AT4G20070" -1.38125180784972 4.2284353086473 1.39235972846102e-09 1.7605512778481e-07
"AT2G14080" -1.78176916205345 2.04542566049512 1.4820191529785e-09 1.86727041547492e-07
"AT1G48600" -1.28639971287687 6.07144483496432 1.48654010973754e-09 1.86727041547492e-07
"AT2G29460" -1.2695936460536 7.00477412505698 1.54894594862737e-09 1.93928032768146e-07
"AT5G04980" -1.83923658759934 1.92866116757221 1.59848459621459e-09 1.99476250951145e-07
"AT5G50090" -1.37487800296442 4.22837674909805 1.64430542725634e-09 2.04525886140751e-07
"AT2G18060" -1.53260304509455 3.01485523212047 1.73426942604172e-09 2.15015624359834e-07
"AT3G47340" 1.30631774572176 5.37701707398928 1.75820542083292e-09 2.17277774109792e-07
"AT3G53200" -3.26299137201346 0.159625368794154 2.23333245174085e-09 2.75103332265084e-07
"AT5G12030" 1.24826885710292 7.95309684612742 2.26685135277324e-09 2.78334359347263e-07
"AT2G02820" -1.3734271739232 4.09483403035804 2.31983949406809e-09 2.83927535001551e-07
"AT3G14680" -1.30920037532719 5.01607665839471 2.38900060421487e-09 2.91458073714214e-07
"AT1G74310" 1.24179125961936 8.57004345711007 2.49708858242149e-09 3.03674600663525e-07
"AT3G49120" 1.24997301957003 7.0601957171527 2.67766777205681e-09 3.24601338234164e-07
"AT5G48430" 2.60172109520799 0.621834251932487 2.75878072844083e-09 3.33375952203296e-07
"AT3G61060" -1.29885457106982 5.05610524419616 3.06754342351633e-09 3.69518022619541e-07
"AT5G06980" 1.57474045723149 2.72753722046284 3.11031347363304e-09 3.7251316820557e-07
"AT1G60260" -1.81681490791295 1.8828258237027 3.11191799763203e-09 3.7251316820557e-07
"AT5G05900" -2.0630641546626 1.33413110212879 3.33491305543669e-09 3.9795934354658e-07
"AT1G68238" -3.23705321140169 0.137426185503255 3.40004108970031e-09 4.04467193306218e-07
"AT5G39580" 1.43143415036148 3.43078252706796 3.65632756639612e-09 4.33604113200007e-07
"AT5G09660" -1.93158372614797 1.57418973743908 3.76592620773517e-09 4.45218755939861e-07
"AT3G62410" -1.69526225010491 2.16954687176629 3.99329216660689e-09 4.69327079406458e-07
"AT1G07367" 8.01642716736235 -0.705980835585861 3.99442991690931e-09 4.69327079406458e-07
"AT4G13700" -5.06901446845272 -0.528642481653782 4.08540666793767e-09 4.78543984729656e-07
"AT2G25330" 1.52487943745721 2.85873256545299 4.21431292092515e-09 4.92133801830116e-07
"AT1G27030" -1.24713650904644 6.11778767421341 4.32882198551611e-09 5.03964622984506e-07
"AT1G30870" -3.38539212509736 0.0217097526034757 4.53327636221226e-09 5.26163195037803e-07
"AT1G71520" -1.54009318693997 2.7321630479554 4.67954509917178e-09 5.41494270172647e-07
"AT1G09540" -1.8979778139918 1.62244659732129 4.73489579404706e-09 5.46243899672148e-07
"AT3G19030" -1.24865066748769 5.86111319118772 4.87721365357352e-09 5.60967712576381e-07
"AT1G62990" -1.62604005224922 2.38083073668964 4.94224208727865e-09 5.66740109143611e-07
"AT3G51810" 3.12873253787816 0.12759609541982 5.18130530782115e-09 5.9237522300736e-07
"AT4G33930" 1.61459260203769 2.40568106461852 5.53643363521845e-09 6.31087327744631e-07
"AT1G08165" -3.07038842420404 0.202403256059145 5.62730904150776e-09 6.39536973389927e-07
"AT1G20490" -1.53383957046734 2.71361983203612 5.69826405396928e-09 6.45679261616827e-07
"AT2G44480" -2.77468847968913 0.437019857804522 5.93199298943523e-09 6.70174805605247e-07
"AT5G09570" -1.54661337601249 2.62150538785713 6.02921011642693e-09 6.79148724206132e-07
"AT3G23880" -1.43174433870532 3.28326663629039 6.08510352068713e-09 6.83428714826349e-07
"AT1G73010" -1.2137503672696 7.50874309526791 6.50674865219355e-09 7.28641360799598e-07
"AT4G25410" -1.30521484734183 4.47580881163674 6.53150566813274e-09 7.29275074395663e-07
"AT5G40450" -1.21017200321216 7.94058522995248 6.61666687872855e-09 7.36629858399791e-07
"AT3G26060" 1.6740036267985 2.20253639057269 6.76131226805781e-09 7.50544971709464e-07
"AT1G75500" -1.21776445028167 6.88851046139977 6.90380787386767e-09 7.64141470931916e-07
"AT1G34140" -2.45924946565479 0.638265176855984 7.46299033540511e-09 8.23646673259478e-07
"AT5G08880" 1.68140471997793 2.13892064343595 7.72566889047813e-09 8.50179804760224e-07
"AT2G46240" 1.20183012268883 7.66482351802105 8.79869424060896e-09 9.65479707677856e-07
"AT3G26470" -1.24047231738797 5.4715690387122 9.14429843676924e-09 1.00052773669476e-06
"AT1G33700" -1.22199014718566 5.97953121198778 9.33268146539241e-09 1.0182222126785e-06
"AT1G19960" -1.30786826199446 4.18951219668715 9.38923935604994e-09 1.02147434202314e-06
"AT5G20700" -1.26708529788934 4.81985938536953 9.69249433766414e-09 1.05147042266489e-06
"AT5G26270" 1.575937824012 2.43274121347199 9.91010394275919e-09 1.07203181064647e-06
"AT5G06690" -1.89422967225649 1.5066861436146 1.03972815159533e-08 1.12155534454291e-06
"AT5G00385" -1.3205902921083 4.00148350099777 1.07206247626731e-08 1.15317683714771e-06
"AT3G45610" -1.49872391552739 2.74280498970516 1.08177461909589e-08 1.16035521361786e-06
"AT3G18280" -1.1998765681773 6.74804152539185 1.18232595413026e-08 1.26465823205653e-06
"AT3G47950" 1.24220377277589 5.16549121156836 1.1874571970381e-08 1.26540045815731e-06
"AT4G08985" -1.31278230857277 4.03154352134387 1.19216362170908e-08 1.26540045815731e-06
"AT2G28200" -1.65086476805638 2.11384907379892 1.19296120289277e-08 1.26540045815731e-06
"AT3G26512" -1.21155445945022 5.99326481591666 1.22576454185509e-08 1.29659403865038e-06
"AT3G22540" 2.82022040491939 0.253393655549887 1.29674491871592e-08 1.36788678083111e-06
"AT5G09460" -1.23648141569946 5.21754111399361 1.30188421117404e-08 1.36952480682898e-06
"AT2G41810" 1.92805111882895 1.44092002935025 1.32692829423427e-08 1.39203527042939e-06
"AT2G17280" -1.55310811567735 2.48429062329053 1.36934857576032e-08 1.43260122504065e-06
"AT2G23600" -1.68510694512009 1.94671866413301 1.42461286822661e-08 1.48634609251643e-06
"AT1G15330" 1.33998519997048 3.72333792519137 1.48524711033952e-08 1.54538545382629e-06
"AT2G28671" -1.46279504392058 2.82058405941346 1.60819553250735e-08 1.66876507076972e-06
"AT4G28703" -1.6355267621191 2.10240142310509 1.6649884403241e-08 1.72301486672672e-06
"AT3G57400" -1.20253008431107 5.87733497561698 1.67356860782076e-08 1.72721326643901e-06
"AT3G61210" -1.67655112936909 1.94030418074687 1.70793299246989e-08 1.75792801214165e-06
"AT5G10180" -1.22036318474032 5.27074891986134 1.85364670443209e-08 1.89848712251239e-06
"AT4G35750" -1.16898325421239 8.77452250016344 1.85443800528236e-08 1.89848712251239e-06
"AT2G03090" 1.410697352184 3.11533761956451 1.86459878021476e-08 1.90378526794869e-06
"AT5G01610" -2.22977692844245 0.800747638648025 1.92468478886576e-08 1.95989368927007e-06
"AT5G44565" -1.94219335035734 1.33341698857896 1.94369913497287e-08 1.97399189276792e-06
"AT2G34390" -1.2251935444268 5.11286197677492 1.96542499897684e-08 1.99076177747824e-06
"AT3G60490" -1.31442185589685 3.78677785832059 2.05222985024039e-08 2.07318648310263e-06
"AT2G44940" -2.28757206953646 0.683971734390355 2.39928859924451e-08 2.41739404883248e-06
"AT1G53540" 1.17389761469521 6.63344904294949 2.49804886754515e-08 2.51027615937051e-06
"AT3G46230" 1.15842044671316 8.36509344415862 2.57679573646663e-08 2.58261212579304e-06
"AT1G55430" 1.33425682461876 3.53626562002647 2.58600685105922e-08 2.58505909985726e-06
"AT2G27830" -1.18429451744195 5.8725872152451 2.71508795997726e-08 2.70700649711989e-06
"AT2G27690" -1.22090739939928 4.88107912555168 2.84022871827811e-08 2.82246404781319e-06
"AT2G45850" -1.93782723017412 1.28402182296865 2.84567291260692e-08 2.82246404781319e-06
"AT3G07365" 1.15507355307127 8.25619175495903 2.85587050790654e-08 2.825240186915e-06
"AT3G02040" -1.16340632316348 7.00086916534822 2.90388046429093e-08 2.86531212944221e-06
"AT5G58010" -3.74900820708706 -0.33181184518938 2.97611829544038e-08 2.92902199045583e-06
"AT1G70830" -1.29932407386538 3.75809041526542 3.03614260279965e-08 2.98041494679968e-06
"AT1G76100" -1.88979010253717 1.38083092706166 3.07153243315444e-08 3.00742403826758e-06
"AT5G07880" -1.47407901393758 2.56838685958657 3.16045617127678e-08 3.08657747714515e-06
"AT1G03130" -1.3650149494589 3.20809750547585 3.2204373670817e-08 3.1371331964128e-06
"AT1G09505" 4.85883508434964 -0.629654060127797 3.44610470314147e-08 3.34842122631451e-06
"AT2G08660" -1.21866521755013 4.75135643285926 3.47173207909368e-08 3.36476043584445e-06
"AT5G55090" -1.64181125776052 1.91435817556027 3.52800567090385e-08 3.41064365947175e-06
"AT5G64870" 1.33625265870006 3.42049592262387 3.61881851077406e-08 3.48960110233379e-06
"AT5G06930" 1.89262455436598 1.36915424005779 3.89728089677077e-08 3.74865411395689e-06
"AT1G53160" 7.83078235200631 -0.869998836030443 3.94049356950006e-08 3.77122023671502e-06
"AT4G07760" 7.78038257764116 -0.914114747276921 3.94049356950006e-08 3.77122023671502e-06
"AT4G17905" -1.93314666894305 1.23287772694063 4.21028767531699e-08 4.01935112924137e-06
"AT1G65960" -1.15746965553146 6.3654927311845 4.24945098445404e-08 4.0466218277397e-06
"AT3G25570" -2.15231041366679 0.814350143070934 4.30820779219281e-08 4.09236872519092e-06
"AT3G28050" -1.22457254845595 4.48377829089738 4.49058886853685e-08 4.25502795369598e-06
"AT5G01370" -1.41616125230476 2.79931000641872 4.50311561944461e-08 4.25633596643841e-06
"AT1G75580" 1.34997221299319 3.22976826646916 4.51751151801746e-08 4.25939987227197e-06
"AT2G28720" -1.3682597567224 3.04629813531937 4.69953725394929e-08 4.4201115659928e-06
"AT1G05610" -3.71259486407258 -0.363069387612515 4.82185042858649e-08 4.50188705295853e-06
"AT4G03565" -3.71259486407258 -0.363069387612515 4.82185042858649e-08 4.50188705295853e-06
"AT4G30250" -3.71259486407258 -0.363069387612515 4.82185042858649e-08 4.50188705295853e-06
"AT3G14420" -1.54579893495714 2.20594004327868 5.47895107002162e-08 5.10290794048404e-06
"AT3G17225" -1.49877699026176 2.39382768086926 5.5082629692002e-08 5.11772578447394e-06
"AT1G48000" -1.18303857230813 5.09259364654914 5.88005864028562e-08 5.44990095237735e-06
"AT3G26510" -1.14327239621503 6.44354462042973 5.95070873613034e-08 5.50202817912526e-06
"AT5G59780" -1.34782319299741 3.12091278065697 6.15765884683641e-08 5.67962223974143e-06
"AT1G11600" 1.19128896304521 4.80357940485565 6.5658800811526e-08 6.02756444652851e-06
"AT1G42550" -1.65965468216506 1.84818275203516 6.56645579467831e-08 6.02756444652851e-06
"AT4G13800" -2.00073957747811 1.02063348547947 6.74114639441854e-08 6.17307952559391e-06
"AT1G03300" -1.6235861573408 1.87480834085067 6.92207044623277e-08 6.32359287224509e-06
"AT4G03950" 7.72815817978706 -0.959632466403393 7.04324441162608e-08 6.41893391652395e-06
"AT4G36950" -1.43257173619583 2.56804214709139 7.17037719968449e-08 6.51923866064647e-06
"AT5G45460" -1.61519612389534 1.89458887272971 7.28467763646188e-08 6.60742755881077e-06
"AT1G12740" -1.12098531441235 7.76855200235751 7.50310417234566e-08 6.78942028258747e-06
"AT1G16030" 1.11952358759605 8.0096421613991 7.54394397352395e-08 6.81023746035426e-06
"AT5G52390" 3.61613965757809 -0.360690086297484 7.82344258755924e-08 7.03780501969313e-06
"AT3G26740" -1.14138697545522 5.95811247756507 7.83288936618023e-08 7.03780501969313e-06
"AT1G09950" 1.25851632348389 3.77386656926383 7.94029596693849e-08 7.11756201393224e-06
"AT1G62500" 1.72604691131905 1.59999044200606 7.99734295746776e-08 7.15190955910688e-06
"DA397_mgr02" 1.11332383890716 9.02198465514217 8.0209471181065e-08 7.15625903392558e-06
"AT3G10910" -1.94717184008705 1.09091748712781 8.5515355782039e-08 7.6118633470698e-06
"AT4G29690" -1.20656401681704 4.29167763881554 8.94001128879372e-08 7.93914583892737e-06
"AT1G21360" -2.02841132400458 0.920954852551906 9.15105922981897e-08 8.1077110846837e-06
"AT1G27140" 1.3269330388168 3.17546229587175 9.20555908797876e-08 8.13711757716567e-06
"AT5G45380" -1.57412687653574 1.93954647703169 1.00228591876668e-07 8.83909701940519e-06
"AT5G37990" -4.80695472787047 -0.75848376567033 1.01568290482633e-07 8.93660539255718e-06
"AT5G27220" -1.99776409773778 0.959036340697275 1.04083753548472e-07 9.13687865057919e-06
"AT2G28670" -1.3654563046375 2.87066026689711 1.04706329901225e-07 9.170449343138e-06
"AT3G58350" -2.52540420210297 0.36180547844653 1.05419151817001e-07 9.21175224550114e-06
"AT1G01600" 1.19486868037796 4.38747502794736 1.06366621049348e-07 9.27332372463558e-06
"AT3G21530" -1.8508712651192 1.2632615707792 1.08501191552759e-07 9.43774539821537e-06
"AT4G33770" -1.28401935209039 3.36237128720713 1.08746869931775e-07 9.43774539821537e-06
"AT5G16970" -1.10988026079471 7.11841058243381 1.13707306431052e-07 9.84586667432232e-06
"AT5G24030" 1.11100726641767 7.00697446321957 1.14262723223362e-07 9.87157545024272e-06
"AT3G54580" -1.24799508481452 3.64132640308606 1.20752926435668e-07 1.0408738710773e-05
"AT1G47655" -1.36242174392571 2.83347706083281 1.2231931978976e-07 1.05200124898463e-05
"AT2G04852" -1.43893690877978 2.46580086079275 1.3242471029962e-07 1.13635280618007e-05
"AT5G17345" -2.44770735871552 0.41758168425599 1.33665903014924e-07 1.14443187724841e-05
"AT4G27970" 1.16361238574464 4.75506633907395 1.38358871981345e-07 1.18196239048762e-05
"AT5G62680" -1.31505880118533 3.04877594683517 1.42873166614375e-07 1.21780239739654e-05
"AT5G28510" -1.2551732771643 3.51277414406001 1.5089899008502e-07 1.28334717937341e-05
"AT1G25230" -1.21351985527377 3.91582753710862 1.54176751035331e-07 1.30830964778559e-05
"AT1G70900" -1.25263948854265 3.53184178533738 1.55299560655124e-07 1.31347796363059e-05
"AT1G67610" -2.97988035300855 -0.0793063625395025 1.55473744189238e-07 1.31347796363059e-05
"AT4G21650" 3.98118455306357 -0.557144831002348 1.61918979349319e-07 1.36490908287706e-05
"AT4G33660" 1.20015584976081 4.04604651790534 1.67305129298934e-07 1.40720565361434e-05
"AT1G61660" -1.13690998158318 5.13781359157312 1.70914999219155e-07 1.43440882641377e-05
"AT5G14570" -1.13053970898575 5.2761566067047 1.74451508401728e-07 1.46087835522552e-05
"AT2G39705" -1.13197693009124 5.26544757453492 1.76144531290364e-07 1.47182824329405e-05
"AT3G21755" -1.47412930667299 2.23159237624256 1.80596841853049e-07 1.50573602685601e-05
"AT1G73260" 1.08469114619654 8.03082847287853 1.84138592483895e-07 1.53192076091286e-05
"AT1G01010" -1.12197048035386 5.44210554224602 1.87434318766629e-07 1.55594932530924e-05
"AT2G02810" -1.14486331849503 4.82039047745128 1.90526769385648e-07 1.57709756411862e-05
"AT1G23340" 2.55338999273921 0.193112792725013 1.90807907249463e-07 1.57709756411862e-05
"AT2G26150" 1.0893066700587 7.14531581325819 1.91415568050836e-07 1.57833763841225e-05
"AT4G34050" -1.07873695114535 9.32305484956993 1.91784597554937e-07 1.57833763841225e-05
"AT3G10080" -1.20268454311617 3.92377359879837 1.95703390653599e-07 1.60653642413147e-05
"AT3G63210" -1.14002510821935 4.91298663696043 1.96052473064805e-07 1.60653642413147e-05
"AT2G01420" -1.21713678144713 3.75371140320601 1.98650196947857e-07 1.62433756330853e-05
"AT2G46950" -1.65006807962157 1.63657359599625 2.15286851255695e-07 1.75360448977771e-05
"AT5G52710" -1.23582760569433 3.56088894789503 2.15377495863863e-07 1.75360448977771e-05
"AT5G48570" 1.0714429472371 9.91897316481088 2.25217695781353e-07 1.82982190023548e-05
"AT5G66480" -1.21850809059996 3.65852174619833 2.27291146995921e-07 1.84274729069772e-05
"AT2G38180" 1.3511494241557 2.73296101279941 2.32738005582917e-07 1.88290963584518e-05
"AT5G14760" -1.1154906644264 5.3524976278664 2.35956409739663e-07 1.9049115142323e-05
"AT3G21760" -1.69808825997569 1.47055656996279 2.3990828190201e-07 1.92479506281795e-05
"AT4G09950" -1.69808825997569 1.47055656996279 2.3990828190201e-07 1.92479506281795e-05
"AT4G15960" -1.59390492434185 1.79940891614246 2.39931506285378e-07 1.92479506281795e-05
"AT5G53450" 1.11457769937662 5.30995408483516 2.57250117900287e-07 2.0594031451028e-05
"AT2G22330" -1.1509638840618 4.50145776342879 2.59108092037508e-07 2.06993757375403e-05
"AT3G22961" -1.77443817208355 1.29301502327462 2.61497109365089e-07 2.0846615069343e-05
"AT3G18773" -1.92023097111841 0.958600341797922 2.69615817606182e-07 2.14490616898118e-05
"AT1G05770" -2.12184308926707 0.6367281814695 2.79525553905654e-07 2.21911908553873e-05
"AT3G25855" -2.60884743198088 0.157708584762395 2.80933681026496e-07 2.22567085968419e-05
"AT4G12400" 1.06296660920466 9.41157360244721 2.84740662927819e-07 2.2511608601577e-05
"AT4G30430" 1.25016799781029 3.35970907911737 2.85606925233268e-07 2.25334422457801e-05
"AT2G24270" -1.39169725920036 2.47859711847635 3.06017443744832e-07 2.40939837254436e-05
"AT3G05630" -1.11144240768211 5.14377036692649 3.16225763849872e-07 2.48464959225745e-05
"AT1G08513" -1.87010463450416 1.03188858399349 3.25249332073579e-07 2.5503020522714e-05
"AT2G43800" -1.09848895473063 5.46685657249147 3.35104007647347e-07 2.62218885984049e-05
"AT2G35260" -1.35955342332349 2.5591724074755 3.3689818953446e-07 2.63083727312124e-05
"AT2G22990" -1.40892070671859 2.3458849720435 3.39662796344009e-07 2.64701296759027e-05
"AT2G30770" 2.7182797413664 -0.00816451719239825 3.42973662907204e-07 2.66737113885428e-05
"AT3G42658" 1.13938607950184 4.47558023343529 3.43902000208902e-07 2.66915483332869e-05
"AT3G21720" 1.05249027713614 12.1879218239328 3.49084955720743e-07 2.70388602822561e-05
"AT4G00080" -1.13711048135042 4.51523297404016 3.56016244181012e-07 2.7519911539061e-05
"AT5G11620" -2.91592355063974 -0.132201093973725 3.6649723759387e-07 2.82728555853728e-05
"AT5G65080" -1.26710649896086 3.05422535329694 3.76579264977493e-07 2.89527455772981e-05
"AT1G76680" -1.06080939944266 7.27750100006261 3.76826966739568e-07 2.89527455772981e-05
"AT4G28720" -1.26220580081891 3.08897154386011 3.89561985185723e-07 2.97766286430916e-05
"AT3G10020" 1.05097309877207 9.14477105105428 3.89610714013834e-07 2.97766286430916e-05
"AT4G02885" -1.87810847014647 0.983302482927164 3.89889339589007e-07 2.97766286430916e-05
"AT3G52910" 2.50104436596064 0.151034365414695 4.13724036787616e-07 3.15338644087264e-05
"AT1G62700" -1.56478251737893 1.77799223340809 4.1754032607318e-07 3.176134440524e-05
"AT3G03870" -1.20491523179455 3.54607029320479 4.26587580157366e-07 3.238503645306e-05
"AT5G62165" 1.24606253792754 3.20239384691159 4.32933603576062e-07 3.28015924328482e-05
"AT5G17000" -1.07256368257613 5.94600742506892 4.34904072435697e-07 3.2885637445603e-05
"AT3G56275" 1.62693126556166 1.5607702568838 4.44377676912934e-07 3.3535584922129e-05
"AT4G16790" -1.25981169319691 3.03941181036246 4.4835737327613e-07 3.37691807809118e-05
"AT3G01345" -1.05137109158819 7.39167740487443 4.65045641269413e-07 3.49571512943185e-05
"AT4G34410" -1.10667634383097 4.823453509022 4.83265374487382e-07 3.62553469355111e-05
"AT3G05015" -1.24619651557169 3.14225017751037 4.88943968455399e-07 3.66094399596821e-05
"AT5G05410" 1.13399323396609 4.30212209850946 5.08023424145798e-07 3.79635664861672e-05
"AT2G31280" -1.06105481623949 6.01677411756792 5.54988525420886e-07 4.13921715463319e-05
"AT3G42800" 2.05854260694767 0.742812185129813 5.6151612772136e-07 4.17628582946866e-05
"AT1G19420" -2.8828494992105 -0.159388754120929 5.631419964205e-07 4.17628582946866e-05
"AT5G54165" 1.28644093756704 2.83750960029234 5.63239721933788e-07 4.17628582946866e-05
"AT1G22500" -1.59567041865601 1.59636346270428 5.87602576395302e-07 4.34848681826182e-05
"AT1G67600" -1.23518711900402 3.16134362140994 5.90625031119445e-07 4.35356602144559e-05
"AT3G12580" 1.03144836824135 11.6078358415124 5.91033723534138e-07 4.35356602144559e-05
"AT1G02640" -1.22092892952821 3.28636983340727 5.91709203668952e-07 4.35356602144559e-05
"AT4G38420" 1.09442759732835 4.86491151753093 6.100515978147e-07 4.47989044502926e-05
"AT5G04890" -1.46053546578182 1.95134975164177 6.31727436139962e-07 4.63016197244541e-05
"AT1G18330" 1.11566747915701 4.36751820808117 6.74763522976864e-07 4.93611492114837e-05
"AT1G63530" 1.35868547759829 2.38042458785773 7.06794417644522e-07 5.1605452451575e-05
"AT4G24050" -1.31920089472663 2.55882573307959 7.13109535434293e-07 5.19671769467441e-05
"AT1G69520" -1.2893582870926 2.73370063052608 7.20434398568631e-07 5.2400967511889e-05
"AT2G17500" -1.35615511262343 2.40651613157514 7.22975312067811e-07 5.24858084916757e-05
"AT5G56795" -1.26041519002052 2.9285384372478 7.36098786609472e-07 5.33039082822294e-05
"AT3G54820" -1.05584958459541 5.69785777445736 7.37036180092628e-07 5.33039082822294e-05
"AT4G03355" -1.5659928190282 1.63597097277786 7.64009644175637e-07 5.51502311389241e-05
"AT1G32540" -1.36772199333447 2.31645937231306 7.71426503290281e-07 5.55805518012126e-05
"AT3G47720" -1.26387007955241 2.86642350942801 7.84451605188352e-07 5.64125593139782e-05
"AT5G50790" -1.9170601349191 0.770748921311076 8.36573499400022e-07 6.00477361806189e-05
"AT2G31110" -1.29499158791767 2.62334845628189 8.4265137116959e-07 6.03705164343001e-05
"AT1G77450" -1.0436919756994 5.95240777415176 8.64043345018628e-07 6.17871894623246e-05
"AT5G06510" -1.28215882870918 2.70401553360696 8.83602965972177e-07 6.30677810441375e-05
"AT1G16880" -1.21269229606154 3.17199070269683 9.10527119027714e-07 6.48682622522244e-05
"AT4G06595" 2.29287490358731 0.255217759255928 9.39308275920849e-07 6.6794089058312e-05
"AT4G04955" -1.12936565164035 3.95795849724556 9.60517732171478e-07 6.80442156680446e-05
"AT5G66985" -1.02382262013192 7.08885015095427 9.61732929248684e-07 6.80442156680446e-05
"AT4G11211" -1.21644986219204 3.09427053103452 9.62234234031951e-07 6.80442156680446e-05
"AT4G38410" 1.13482247934726 3.82821725576865 9.80908262607735e-07 6.9236530343695e-05
"AT3G14560" -1.72426508200211 1.16776511581583 9.84888254538713e-07 6.93891935199544e-05
"AT4G02330" 1.09050111604818 4.47390433852378 1.02555771944602e-06 7.21214494931226e-05
"AT1G07640" -1.28731698350624 2.59127807000277 1.04762181462675e-06 7.35376592156929e-05
"AT2G29440" -1.05459802760626 5.2778993272363 1.06063848705747e-06 7.43129004268847e-05
"AT1G53990" -1.24797830808169 2.86628066121924 1.06255810069342e-06 7.43129004268847e-05
"AT4G16563" -1.01087375576637 8.17099580575854 1.11437598792356e-06 7.77944451094134e-05
"AT2G41050" -1.095057771361 4.32985564467424 1.1269043915714e-06 7.85254947017252e-05
"AT3G53450" -1.3600240118217 2.27668332343337 1.1411485149413e-06 7.93732189281391e-05
"AT1G54010" -1.03582363836537 5.71072206115333 1.17016452281153e-06 8.12434590328746e-05
"AT3G47470" 1.03972614742441 5.54465307991278 1.18586906718693e-06 8.21843851172416e-05
"AT3G28550" 1.0124313613636 7.33668556389577 1.20620313170006e-06 8.34421608461926e-05
"AT3G25770" -1.15450101224438 3.52458044902119 1.25362215718403e-06 8.65656703331454e-05
"AT1G76690" -1.08282881386373 4.44487051559938 1.27675214729302e-06 8.80037138926556e-05
"AT5G64250" -1.00485524300384 8.1530937445111 1.28869999032934e-06 8.86672032985878e-05
"AT1G48300" 1.00463331639788 8.15617648022762 1.29765702968003e-06 8.9122898085183e-05
"AT1G55740" -1.35601646220781 2.25637663950773 1.30015510190691e-06 8.91341521030828e-05
"AT1G33170" -2.23895358616536 0.360638322193441 1.31272378868618e-06 8.98345351160763e-05
"unknown_gene_87" 1.05229882858715 5.07376772394743 1.35311982880346e-06 9.24333341371894e-05
"AT1G28080" -2.01667764825212 0.555313804665369 1.38793816520409e-06 9.46422206644607e-05
"AT1G75540" -1.00517167443292 7.49492218562737 1.39041234464889e-06 9.46422206644607e-05
"AT2G08470" -2.96207222473373 -0.333371599165609 1.44805362282012e-06 9.83903481156748e-05
"AT2G34070" -1.01874190654797 6.10491270012704 1.45209272885187e-06 9.84895434172955e-05
"AT5G12020" 1.00017111262662 7.93204279187553 1.47828694874552e-06 0.000100088413873753
"AT1G28765" -1.64927224168583 1.28218676414767 1.48634975319402e-06 0.000100456197655694
"AT1G76410" -1.07843464482544 4.35131889558346 1.48952396244238e-06 0.000100492865777075
"AT5G07000" -1.26283952361758 2.62701692766322 1.50461747712453e-06 0.000101332139297138
"AT1G11530" -1.40131835885823 1.97590096813288 1.50772460573821e-06 0.000101362626399154
"AT5G21280" 1.12146536423156 3.76814126274934 1.52909659857213e-06 0.000102618774539676
"AT1G67810" -1.076452032226 4.38197935395304 1.54504238357886e-06 0.000103506997297092
"AT1G77160" 1.38795197012089 2.08029458697271 1.60040123257093e-06 0.000107027883479779
"AT5G67430" -2.40350277402269 0.134845716182807 1.62683382632636e-06 0.000108550129579521
"AT5G54270" 1.13386708190509 3.63758984183126 1.62884890402413e-06 0.000108550129579521
"AT1G43160" -1.00737308905625 6.49138806917274 1.65219934380599e-06 0.000109914432304138
"AT1G08310" -1.42066823910916 1.89965769656133 1.69763177733003e-06 0.00011274046443326
"AT2G44798" -1.02243513382402 5.56345998006996 1.72592725433288e-06 0.000114420587038117
"AT3G15356" 1.21274527666348 2.90034566631097 1.75099711778308e-06 0.000115680927231254
"AT2G38520" 1.4843356453399 1.67828422482648 1.76099726941469e-06 0.000116140659291657
"AT1G52565" -1.17753742175995 3.1904646293377 1.7691909440468e-06 0.000116479871360985
"AT3G25690" -1.38809870112957 1.98814359160783 1.78843083973379e-06 0.000117543924347804
"AT4G01600" -1.73167634014446 1.03104902613515 1.79175805747641e-06 0.000117560263200677
"AT2G02990" -1.41139770244168 1.89303184635367 2.00790804015497e-06 0.000131363961637311
"AT1G22885" -1.10148407509845 3.81793275507777 2.00902303452024e-06 0.000131363961637311
"AT3G54730" 1.03107133611295 5.12565245742547 2.01409600422413e-06 0.000131470547038124
"AT2G32010" -1.26845238624439 2.49494202224031 2.08315990719484e-06 0.000135746662484884
"AT2G18210" -1.06044465615055 4.34276595891178 2.20362292707864e-06 0.000143351865576533
"AT5G56970" 1.05907074105056 4.39221712161364 2.3387097718061e-06 0.000151880903649979
"AT1G27670" -2.37500251179419 0.112276581474815 2.36802032452778e-06 0.0001535233007002
"AT1G77920" -1.0063390679353 5.59736442119306 2.44169596259272e-06 0.00015803152886028
"AT1G78490" -1.58491996646037 1.35037844985354 2.54479197383971e-06 0.000164249207673326
"AT2G46250" -1.34414697315844 2.10010737170686 2.54636597031921e-06 0.000164249207673326
"AT5G52310" -1.01444400912408 5.30421406864251 2.55589811466833e-06 0.000164586046217074
"AT5G05160" -1.04354812859107 4.50360780515949 2.67851438057323e-06 0.000171902101069864
"AT5G57350" -1.00674788221579 5.43980806230078 2.74477729260178e-06 0.000175859170629684
"AT2G43060" -1.00817774431932 5.37211240267639 2.78747296529134e-06 0.000178295548831851
"AT4G31110" -1.07990487288426 3.8950267778333 2.8354649951183e-06 0.000181061983785263
"AT4G06477" 1.88916292842429 0.757851739430778 2.8859089128888e-06 0.000183975488727165
"AT5G66300" -1.13018903592975 3.32493276098303 2.95425125866311e-06 0.000188018397605516
"AT3G47780" -1.47314759868856 1.62740948125365 3.05595247115417e-06 0.000194167389456728
"AT1G71930" -1.78657547864243 0.798383514436268 3.06610118204678e-06 0.000194488604215346
"AT4G21326" -1.05032045141543 4.24720706302091 3.27986345100283e-06 0.000207016307008255
"AT5G64510" 1.04283579421921 4.37401879908708 3.29833127946982e-06 0.00020783841293372
"AT2G34600" -1.37865693988748 1.89277222805656 3.33364486586734e-06 0.000209717566471187
"AT5G53030" -1.33443516230624 2.05379620176085 3.41990356054619e-06 0.000214790193031278
"AT1G77150" 1.29233910464816 2.24637750784965 3.43929051914392e-06 0.000215345249590008
"AT1G67860" -1.31537780882244 2.15564961170827 3.44001996150173e-06 0.000215345249590008
"AT1G09045" -2.34592786444487 0.0893512396917613 3.44626442043586e-06 0.000215383065726291
"AT4G15340" -2.50843602221219 -0.0807187707732522 3.45694893558554e-06 0.000215697797474297
"AT2G46650" -1.15047728320035 3.08507304626373 3.48240094420865e-06 0.000216931423255386
"AT5G18930" -1.20453076684317 2.71078513388912 3.59343585248321e-06 0.000223483618017791
"AT1G51800" 3.71096925941922 -0.783834713407834 3.61809037349768e-06 0.000224651055288427
"AT3G02670" -1.01872239716402 4.74028609453578 3.66440848439152e-06 0.000227157633741842
"AT4G13235" -1.22772306714226 2.54972567702225 3.7441704677872e-06 0.000231725921366162
"AT1G62975" -3.0721958612622 -0.531157047790891 3.8531215035095e-06 0.000236551925615778
"AT3G20450" -3.0721958612622 -0.531157047790891 3.8531215035095e-06 0.000236551925615778
"AT4G30110" -3.0721958612622 -0.531157047790891 3.8531215035095e-06 0.000236551925615778
"AT5G56720" -3.0721958612622 -0.531157047790891 3.8531215035095e-06 0.000236551925615778
"AT3G18610" 1.56767348138484 1.2954379093059 3.8670272955366e-06 0.000237024565501381
"AT4G31140" -1.08180819596713 3.68397200719683 3.91355635627474e-06 0.00023949208817421
"AT5G27690" -1.28658259966267 2.27606435851412 3.92796465010393e-06 0.000239762828203553
"AT1G26870" 3.2953610496621 -0.627935247366853 3.93053816727136e-06 0.000239762828203553
"AT4G22810" 1.30619475943903 2.16330740704777 3.96667058107296e-06 0.000241580993315553
"AT4G36220" 2.18814917154819 0.173488503871973 4.03453264525822e-06 0.000244932692514834
"AT1G67710" -1.76749749952204 0.784156922053347 4.05810245754031e-06 0.000245972540386721
"AT3G61410" -1.23507511682797 2.42829111461179 4.336630557484e-06 0.000262328001110547
"AT1G15290" -1.06252696156599 3.8634250120093 4.34167749179976e-06 0.000262328001110547
"AT3G63450" -1.29411541529752 2.1771932031231 4.56129613758868e-06 0.000274295518598364
"AT2G29870" -1.36412982705841 1.85944011736558 4.63461708453784e-06 0.000276933376518572
"AT2G25510" 1.34272263702853 2.00526542427438 4.63793694351586e-06 0.000276933376518572
"AT5G54470" 1.3760368729863 1.86769674389702 4.63944798864294e-06 0.000276933376518572
"AT5G06640" -1.32753110237651 1.98765270813374 4.64142253631923e-06 0.000276933376518572
"AT1G04150" -1.54470176726116 1.32108585874186 4.89785271934439e-06 0.000291323059097951
"AT1G16510" 1.23697515010573 2.40872165912555 4.92410465311515e-06 0.000292429020659184
"AT2G40900" -1.66542682467628 0.982010769916977 4.98259850887636e-06 0.000295443333322908
"AT2G18120" -1.19201582728156 2.65374193482908 5.02319307602868e-06 0.000297196054063186
"AT1G29520" -1.30283507853672 2.07104548382841 5.35293125039421e-06 0.000315442951740051
"AT5G14130" -1.89050341041687 0.537931069671219 5.3837289002888e-06 0.000316281648902197
"AT1G62085" 2.78981178315656 -0.389913750927855 5.56613389879894e-06 0.000325994461747755
"AT3G49110" 1.05174076016347 3.84243279579062 5.67985892555545e-06 0.000331637756775628
"AT4G16400" -1.25829764221744 2.30570591561022 5.77723815510974e-06 0.000336808574337436
"AT3G29035" -1.06749397631411 3.6040047832462 5.87338964786216e-06 0.000341892160203147
"AT3G59480" 1.10149312978789 3.25727022280891 5.90672206960045e-06 0.000343309115600857
"AT2G05914" 1.52717077510158 1.30540557530631 6.08849229550815e-06 0.000352799949614983
"AT2G01880" -3.02796787355609 -0.567058198270562 6.16450930254441e-06 0.000356133705034483
"AT4G11880" -1.66588797405392 0.93169884551489 6.24598693655451e-06 0.000360285886947539
"AT1G10682" -1.48436727802631 1.45131592902879 6.35321181755153e-06 0.000365918169630502
"AT2G43530" -1.34478035353501 1.8457822023451 6.46660838157446e-06 0.000371329184449327
"AT4G14010" -1.35327694616566 1.80456520287155 6.4927290816522e-06 0.000372128054544731
"AT1G13920" -1.42810267039418 1.59513017912715 6.50001079928077e-06 0.000372128054544731
"AT5G24770" 1.21645993838949 2.47061177629035 6.83719003576224e-06 0.000390261492833508
"AT1G09553" -1.06128006257523 3.56334062521186 6.8481316186057e-06 0.000390302617892653
"AT1G45201" -2.11147379808599 0.261525754655925 7.34175791569137e-06 0.000416571125956301
"AT4G24120" -2.11147379808599 0.261525754655925 7.34175791569137e-06 0.000416571125956301
"AT2G38740" -1.00754008553387 4.27469929167486 7.59943369326815e-06 0.000429914037053537
"AT2G30680" 1.42647861955724 1.54591477080567 7.84218342681714e-06 0.000442990556710709
"AT1G55760" -1.05795428818319 3.52998214455923 7.9875422770878e-06 0.000450535139428175
"AT5G05500" -1.80548510162268 0.619257058643358 8.25474220026868e-06 0.00046491974286056
"AT5G47550" -1.16015748216822 2.68030015372451 8.30404972877761e-06 0.000466908030080054
"AT2G23530" -2.21008209282751 0.111625016111701 8.34737394729084e-06 0.000466908030080054
"AT1G16410" -7.29151423605888 -1.36717703837975 8.35118065638394e-06 0.000466908030080054
"AT2G00920" 7.22406021099593 -1.38765527656334 8.35118065638394e-06 0.000466908030080054
"AT2G16990" -4.42540421452141 -1.08260037821352 8.42600341362784e-06 0.000470402582387124
"AT3G27070" -1.61502705031113 0.993998676802538 8.46913329812355e-06 0.000472120181200213
"AT2G45770" -1.07474513851191 3.32440085747101 8.54899082409488e-06 0.000475184517625745
"AT1G08947" -2.80215088748503 -0.462727864707919 8.72276393327801e-06 0.00048343608643854
"AT5G20970" -1.2422162555368 2.24516921062224 8.74740483151586e-06 0.000484099131733717
"AT1G21528" -1.57186954670226 1.10001242117579 8.90518730405061e-06 0.000491585189595469
"AT1G18265" 1.33306260674113 1.86146855944876 8.9084206567869e-06 0.000491585189595469
"AT1G03580" -1.52398884527169 1.23023599555612 9.28194086799841e-06 0.000509985890626456
"AT3G05160" -1.52398884527169 1.23023599555612 9.28194086799841e-06 0.000509985890626456
"AT1G21326" 1.35888094818723 1.70143554122618 9.29560227426794e-06 0.000510002684547695
"AT4G25160" -1.4936920633505 1.3207264381809 9.44108268102235e-06 0.000517119885813093
"AT1G70550" -1.10960799308138 2.97438691179778 9.45240874397788e-06 0.000517119885813093
"AT1G79430" -1.10988182079626 2.9650653321646 9.53266601325029e-06 0.000519593002832914
"AT3G54600" -2.98234101274711 -0.603868392585692 9.86585327802597e-06 0.000535138456356108
"AT3G57157" -2.98234101274711 -0.603868392585692 9.86585327802597e-06 0.000535138456356108
"AT4G15140" -1.14692828462565 2.70653544773584 9.94253090324103e-06 0.000538532602937818
"AT3G12320" 1.13346714698842 2.76686072151961 1.03897256105257e-05 0.000561957595132487
"AT3G06019" 1.88150604974874 0.529115665636415 1.05862607510539e-05 0.000571777868514488
"AT4G13540" -1.03529419968454 3.64123057606643 1.06637936015784e-05 0.000575152009138241
"AT2G39220" -1.22711901126014 2.23472252880147 1.14077326029953e-05 0.000611819771317385
"AT3G43110" -1.5201462604706 1.18799220357658 1.15452043988744e-05 0.000617458228537
"AT1G29050" -1.47990237084085 1.31082727965329 1.16869927451045e-05 0.000622161068660456
"AT2G46430" -1.13370467181647 2.7432492799809 1.16983095191486e-05 0.000622161068660456
"AT1G32583" 1.09270452259762 3.00346296283302 1.2757368584692e-05 0.000674726976142724
"AT1G05750" -1.0757427595875 3.12957058510611 1.30115831819959e-05 0.000687220353233328
"AT2G43610" 1.066876687452 3.25006697641762 1.30806935342367e-05 0.000689916247649674
"AT3G50130" 1.34504764652963 1.66431952076693 1.33438757329021e-05 0.000701858455560057
"AT5G62940" -1.04936670390917 3.34346569197068 1.34526401508873e-05 0.000704758038153086
"AT5G58840" 1.65848103920172 0.893711544885336 1.35612336554603e-05 0.000709382559407405
"AT2G03821" 1.63646639213916 0.931882425997423 1.37659854942472e-05 0.000719107964546271
"AT1G55420" 1.233316421949 2.13152639551519 1.39717749091624e-05 0.000727866571188645
"AT4G30650" 2.42634309718536 -0.240709357655971 1.43017657656199e-05 0.0007440425443133
"AT4G18640" -1.790360409468 0.537393830749008 1.43295458631898e-05 0.000744473521539819
"AT3G10120" -1.13331276842555 2.62585369408292 1.44637661543324e-05 0.000750425780393119
"AT2G36650" -2.05715114889197 0.219906067704809 1.45727607956222e-05 0.000753754321296516
"AT3G63350" 1.05680047375482 3.2751094769119 1.45871377844793e-05 0.000753754321296516
"AT5G26200" -1.03430156333647 3.46290539881058 1.4912256144353e-05 0.000767438562167474
"AT5G62470" 1.06662547023675 3.12392481278412 1.52374711169358e-05 0.000783119881657214
"AT2G42760" -1.30605468892078 1.74723988412486 1.52930608861647e-05 0.000784920461020277
"AT1G51900" 7.14659369622027 -1.45141216362092 1.54284523990822e-05 0.000789746492374465
"AT5G23370" 7.14659369622027 -1.45141216362092 1.54284523990822e-05 0.000789746492374465
"AT3G18670" -1.71117470561917 0.680965323110122 1.59477053509993e-05 0.000814143150445533
"AT2G27140" -1.26979520679512 1.90496499486605 1.63933793211845e-05 0.000834663443678334
"AT3G06020" 1.02180579976168 3.55556061953293 1.66849619888012e-05 0.000846124778890257
"AT3G47100" -1.866903403575 0.35888702341122 1.67878740791199e-05 0.00085021453525898
"AT1G23090" -3.18407927048769 -0.802427427857037 1.73427011490597e-05 0.000874832742507256
"AT4G14480" -3.18407927048769 -0.802427427857037 1.73427011490597e-05 0.000874832742507256
"AT5G15830" -3.18407927048769 -0.802427427857037 1.73427011490597e-05 0.000874832742507256
"AT3G47675" -1.10463016330912 2.78950121076608 1.77985161494171e-05 0.000894281760107425
"AT5G11410" -1.54927980808432 0.993570672744582 1.79837406577303e-05 0.000901216693905628
"AT1G20850" -1.79757707654826 0.468505608040358 1.86143689960078e-05 0.000929161169256933
"AT5G05790" -1.33787390465808 1.64208277946192 1.90492397938405e-05 0.000949378469190306
"AT4G38340" -1.22137842538489 2.05285201305481 1.95489546826838e-05 0.000969475822744107
"AT2G46530" -1.71387720004811 0.61874040331617 2.06540772780902e-05 0.00102030607366255
"AT1G52100" 1.38595455365758 1.45326788226602 2.08935681641375e-05 0.00102958765773131
"AT5G38710" -1.40027862206698 1.42367928605285 2.11134935397429e-05 0.00103896889730493
"AT1G68880" -2.71501055456695 -0.531995257084982 2.14196687761747e-05 0.00104997621551606
"AT3G51420" -2.71501055456695 -0.531995257084982 2.14196687761747e-05 0.00104997621551606
"AT1G77990" -1.97865757490685 0.26091548268652 2.19364218823457e-05 0.00107371671691812
"AT2G24140" -1.64763350565794 0.754795125298261 2.19602146313585e-05 0.00107371671691812
"AT3G28360" -1.60891196096268 0.78320404632311 2.22576058580629e-05 0.0010868656487161
"AT1G13530" 1.31289782530135 1.64176166429831 2.27483820175831e-05 0.00110799708638192
"AT2G01890" -1.54558827265641 0.943673518201346 2.28982786735835e-05 0.0011138772858974
"AT4G32780" -1.25604671878135 1.85182965793997 2.31265775961425e-05 0.00112212387812744
"AT2G19900" 1.05274088955771 3.03338120284812 2.32705354117133e-05 0.00112482109522998
"AT1G77640" 1.00500029101095 3.45230000657322 2.46423804667131e-05 0.00118812366224988
"AT5G40590" 2.04555307327715 0.0643010558952294 2.4745407076173e-05 0.00119158652536033
"AT3G02000" 2.84887533310238 -0.627075824457415 2.5283017466949e-05 0.00121158565227212
"AT4G16410" -1.23626134618811 1.92407877543521 2.53173978731031e-05 0.00121158565227212
"AT3G54890" 1.02643870349079 3.2704438753936 2.53193670589522e-05 0.00121158565227212
"AT5G33434" 2.27230369517759 -0.184941838815989 2.54876662655668e-05 0.00121811267085974
"AT4G00950" -1.3872368754456 1.41446308833157 2.57322179142748e-05 0.00122758313039097
"AT1G68240" -1.23862668874534 1.90470722347107 2.57501201341636e-05 0.00122758313039097
"AT5G66780" 4.16703388299725 -1.21080326402139 2.5995139788154e-05 0.00123771871315517
"AT3G18715" -1.74390928747665 0.503087176748093 2.62031778534768e-05 0.00124607042280556
"AT1G31935" -1.31097119644 1.649661465269 2.671941547724e-05 0.00126903930275359
"AT4G34580" -2.54512813894556 -0.430101705884458 2.71364391344059e-05 0.00128724480097692
"AT5G52700" -1.66881548449347 0.64993334456436 2.80672077571151e-05 0.0013267486718756
"AT4G03290" -7.13213256296777 -1.49921750296295 2.86151638512891e-05 0.00135067817901771
"AT2G40110" -1.11340586436678 2.48488849797697 2.87043542112409e-05 0.00135154681863187
"AT2G21210" -3.57072079317043 -0.983365465687326 2.95077103294129e-05 0.00137908529557696
"AT3G15670" 3.43927034066308 -1.00470631852621 2.95077103294129e-05 0.00137908529557696
"AT2G34510" -1.01607734829484 3.21011327151119 2.99675212887502e-05 0.00139623957484752
"AT4G23000" -1.10548207999699 2.53188359488789 2.99826232487029e-05 0.00139623957484752
"AT5G12050" -1.81455219002658 0.320018846248036 3.20772151680372e-05 0.00148472792534142
"AT3G62680" -2.1579828966753 -0.0563599270897809 3.2469164295165e-05 0.00149742452629852
"AT1G14190" -2.40922057298912 -0.334931503770038 3.27026730203508e-05 0.00150343902333285
"AT3G23085" 2.35258458912145 -0.297945824725871 3.27026730203508e-05 0.00150343902333285
"AT3G27170" -1.78011393804126 0.377359099984769 3.33746047846834e-05 0.00153176822724517
"AT1G04343" -1.31665143716529 1.54500447948604 3.4227983747565e-05 0.00156689136080943
"AT3G01960" -1.02401528531337 3.07811904388114 3.43445890147696e-05 0.00156875894272487
"AT5G05340" 1.45417906781879 1.13149440967056 3.55363426312346e-05 0.001615465213948
"AT5G41070" -1.03411769477117 2.95182086407866 3.62740705758766e-05 0.0016444673732299
"AT2G38340" 1.03360010055945 2.98296687962755 3.71458080550123e-05 0.00167863884779728
"AT1G23140" -1.09277785946224 2.52332325757213 3.72678709682653e-05 0.00168216420897657
"AT1G66980" -1.06714411384805 2.70952380781251 3.76428096919279e-05 0.00169708185465875
"AT1G01700" -2.83610573011369 -0.720243824170124 4.04721956281424e-05 0.00181401178690333
"AT1G14700" -1.97162810660102 0.15515186475606 4.05448014900357e-05 0.00181505719777081
"AT1G03070" 1.06030519577604 2.71744212395699 4.07766881879701e-05 0.00182330048611923
"AT5G23810" -2.50221579373358 -0.463545725183002 4.17024807114174e-05 0.00186251570578501
"AT5G50175" -1.40191665243306 1.21893579742162 4.23577902525292e-05 0.00188957310582136
"AT3G45290" -1.32611541519759 1.49406705871425 4.2796400252468e-05 0.00190691171533342
"AT1G78860" 1.04264599631615 2.79555013106291 4.29264297907564e-05 0.00191047627970842
"AT3G14370" 1.42635340307291 1.15333287170981 4.37448666348678e-05 0.00194463501434116
"AT3G26165" -1.27325649653112 1.649362511136 4.41051470262788e-05 0.00195837109807614
"AT1G26450" 1.19908590101571 1.92687301015222 4.45031008402367e-05 0.00197374611926281
"AT5G62170" -1.0074159594561 3.09229373154381 4.49339424097221e-05 0.00198593463525191
"AT1G67370" 1.17866512418508 2.03607037435305 4.5047968467778e-05 0.00198867251319141
"AT4G12480" 1.32355960401919 1.40941089725044 4.55125368642304e-05 0.00200454640449539
"AT3G04105" -4.22491227829701 -1.24718254614415 4.57910939353155e-05 0.00201449160485479
"AT4G20230" -1.46745737423687 0.980718481871853 4.69345767658834e-05 0.00205768513017454
"AT1G65150" 1.01295686991186 3.01610127904701 4.77156643259378e-05 0.00208947975585558
"AT5G14565" -1.69591265776553 0.467950559547284 4.77692302640214e-05 0.00208947975585558
"AT1G61390" 1.70014101201704 0.546506663434536 4.89418104194882e-05 0.002131005670101
"AT1G30260" -1.64688981607066 0.56985097184343 4.89418104194882e-05 0.002131005670101
"AT2G28900" -1.00971131728001 3.04298378025687 4.92944831003503e-05 0.00214391700645783
"AT3G26200" 1.98431926628448 0.0181840212197408 5.08771376499498e-05 0.00220432846506676
"AT1G13750" -1.04986258439786 2.67547743166409 5.23312896197361e-05 0.00225642698412152
"AT5G26970" -1.1446526895569 2.10974614118733 5.29951792218866e-05 0.00228148130075193
"AT4G15210" -7.04531236798612 -1.57002481583264 5.32834085506765e-05 0.00228872917763345
"AT3G53980" 6.97794089065551 -1.58813168612504 5.32834085506765e-05 0.00228872917763345
"AT5G14890" -1.9950200134772 0.064729286541155 5.41541084569517e-05 0.00232351548936759
"AT2G24762" 1.05531036574618 2.6427778158109 5.54532442776673e-05 0.00237658539392481
"AT5G04970" -1.89479219011831 0.198012977827282 5.92257173040574e-05 0.0025156765750531
"AT4G31380" -1.19555682375757 1.81024600292677 5.974751508177e-05 0.00253502067879163
"AT2G19850" 1.00013442094757 2.99834885042925 6.1812356281395e-05 0.00261391654148544
"AT2G05632" 1.36359825650231 1.22708356733993 6.33663471104875e-05 0.00266781403612026
"AT2G14220" -1.03775061868647 2.64456162388956 6.63110683123916e-05 0.00278564846488117
"AT2G18660" -1.0603834932518 2.47567928588788 6.68611149285799e-05 0.00280566871940962
"AT3G52072" -1.03266657281275 2.67531629289713 6.87737954949935e-05 0.00287015973199106
"AT4G40070" -1.1415148998878 1.9983328768441 7.04205793755861e-05 0.00292609384552354
"AT4G33970" -1.18884679234805 1.76073440536691 7.37784277229409e-05 0.00305342114966247
"AT5G43300" -2.32704514740729 -0.398208127904262 7.45732099844958e-05 0.00308187510440255
"AT5G02640" -1.28802125793803 1.46757641487365 7.47602987874257e-05 0.0030862667778342
"AT1G08287" -1.96339599571601 0.04104351809658 7.67142081463157e-05 0.00315664432156599
"AT5G43240" 2.94082498408723 -0.911288095252974 7.67957517083435e-05 0.00315664432156599
"AT2G27010" -1.46579673444177 0.837928427072995 7.97016940955174e-05 0.00326905358832592
"AT5G00490" -1.24804735142868 1.55279558971866 8.01476840192313e-05 0.003280299530502
"AT1G13620" 4.02356328959991 -1.32555749374303 8.08043461683904e-05 0.0032995816920259
"ArthCt096" 4.02356328959991 -1.32555749374303 8.08043461683904e-05 0.0032995816920259
"AT1G75590" 1.07434354382474 2.29777255675872 8.08780302659677e-05 0.0032995816920259
"AT3G63215" -1.08969708063874 2.28437125711933 8.29223726320786e-05 0.00337217648703786
"AT2G23540" -2.21981603609983 -0.305067780502913 8.39026772371287e-05 0.00340117583118577
"AT3G09925" -2.21981603609983 -0.305067780502913 8.39026772371287e-05 0.00340117583118577
"AT4G02270" -3.44585340625408 -1.08360020913549 8.47348704137157e-05 0.00342400609695042
"AT3G50140" 1.11094079470179 2.12160359524872 8.57720001804101e-05 0.00346096520896911
"AT3G19800" -1.3168082780954 1.29976975891629 8.83038578935213e-05 0.00353826979802939
"AT2G07865" 1.30799197001096 1.29725267346305 8.83038578935213e-05 0.00353826979802939
"AT5G43030" 1.21841744553359 1.60366562278817 9.00274944786901e-05 0.00359978000435944
"AT4G21510" -1.10067278487961 2.13175332304819 9.51243777663146e-05 0.00377590383511901
"AT1G28570" -1.14773084983019 1.88428955360034 9.6013127568984e-05 0.0038072245995319
"AT2G04215" -1.33423141094408 1.20793161495225 9.61562314295842e-05 0.00380894383129679
"AT4G36710" -1.10106255996975 2.11499533160025 9.77811782194165e-05 0.00386529199946857
"AT1G60450" -6.95293095013674 -1.64445762784854 9.96168072903945e-05 0.00392566295478948
"AT1G42500" 6.88559426565224 -1.6617204528344 9.96168072903945e-05 0.00392566295478948
"AT4G07750" 6.88559426565224 -1.6617204528344 9.96168072903945e-05 0.00392566295478948
"AT5G03190" 1.19135674507431 1.73903575819911 0.000101497725503758 0.00399566200627473
"AT4G37970" 2.70266913113943 -0.741686942919718 0.000103607823602542 0.00407452971378649
"AT3G14440" -1.93106321110839 0.0169654087405991 0.000108550505781675 0.00424703853870804
"AT2G20362" -1.52232457119121 0.664521954811467 0.000110400059852222 0.00431056920809502
"AT1G01530" 1.24534329542065 1.41896901845672 0.000111647983956716 0.00435039787282769
"AT3G10680" -1.88071399262951 0.0873771614260483 0.000111870977694903 0.00435464337844808
"AT1G13670" -1.17393016989048 1.65630708680642 0.000115017134650149 0.00445892822715797
"AT5G44490" -1.01245155089296 2.5928249413852 0.000116595032244993 0.00451094012290506
"AT5G54040" 1.31971192135105 1.19642841377306 0.000118333807226929 0.00456433814420959
"AT1G04680" 1.13137182469854 1.90204339014102 0.000121211810010824 0.00466592154946907
"AT2G15680" -1.32484944685017 1.16502982397636 0.000122115766273817 0.00469598454273109
"AT5G15581" 1.47525971450152 0.815601772239033 0.000130740206268049 0.0050117543047498
"AT2G33020" -1.47145048133018 0.739160173609017 0.000137508521127901 0.00524041954869266
"AT1G12240" -1.10454961832367 1.97342742489821 0.000141991607186349 0.00540123112726939
"AT3G25830" -2.01753913275922 -0.162305844035695 0.000142624440748329 0.00541916108897083
"AT1G70840" -2.36524382394514 -0.568755748517278 0.000150641244296647 0.00566737591597219
"AT1G18075" 2.32384192464013 -0.51930736829683 0.000150641244296647 0.00566737591597219
"AT2G21187" -1.13241926717357 1.76743356720707 0.000152308379258253 0.00571668958399522
"AT3G08040" -1.37683114363668 0.916950709915687 0.00015240114168824 0.00571668958399522
"AT5G48390" 1.21371927765946 1.42812806444383 0.00015613067507983 0.00583937899960664
"AT5G60610" 1.77669080611478 0.0881226969251543 0.00015654225320099 0.0058433259831212
"AT1G29910" 1.42458726375651 0.882265110664616 0.000157240712325195 0.00586366586020498
"AT1G78580" -1.09480361618683 1.98568798244133 0.000157924365883812 0.00588341447379437
"AT3G18500" -1.61899372511472 0.338404743277089 0.000158382853620874 0.00589474429665368
"AT2G19910" -1.04393630581621 2.26888965093091 0.000164794480314992 0.00610362951048329
"AT5G41400" -1.13551273285978 1.7016164405869 0.000169125864961979 0.00625798476689741
"AT3G21600" -1.4504263297448 0.724342339467027 0.000177466409960756 0.00654124742351488
"AT3G15358" -1.18146512960395 1.56054381853404 0.000178408953541544 0.0065696473480592
"AT1G61470" 1.49107900383139 0.657830345476864 0.000182621919587119 0.00671830503020592
"AT2G47460" 1.00491817100808 2.45512372034937 0.000186031233906306 0.00682023010005929
"AT4G12090" -1.0428753627322 2.20698061110287 0.000186240818293355 0.00682023010005929
"AT1G05250" -6.85422681164564 -1.72290734759183 0.000186999971580215 0.00682023010005929
"AT1G23130" -6.85422681164564 -1.72290734759183 0.000186999971580215 0.00682023010005929
"AT5G35777" -6.85422681164564 -1.72290734759183 0.000186999971580215 0.00682023010005929
"AT1G60590" 6.78692984642814 -1.73929702427141 0.000186999971580215 0.00682023010005929
"AT3G03085" 6.78692984642814 -1.73929702427141 0.000186999971580215 0.00682023010005929
"AT4G10120" -1.02925708527933 2.28881306174167 0.000195911536415766 0.00712370075180131
"AT4G05185" 1.99551947935327 -0.239215563708758 0.00019675166612309 0.00714178623819042
"AT1G08835" -1.50992293102331 0.535781667270847 0.000197693280932377 0.00716915064167499
"AT3G45760" -1.11009573642367 1.77437924894039 0.000199843298149042 0.00722653047643876
"AT1G30840" 2.82116935649592 -1.00373727294417 0.000206995604744213 0.00744989082258486
"AT5G06760" 2.82116935649592 -1.00373727294417 0.000206995604744213 0.00744989082258486
"AT4G01460" 1.85345577533673 -0.0787599835726111 0.000212314341019341 0.0076126154236287
"AT2G05385" -1.59157673526779 0.31883023553749 0.000214124411357742 0.00764878837428132
"AT2G35760" -1.59157673526779 0.31883023553749 0.000214124411357742 0.00764878837428132
"AT2G47540" -1.59157673526779 0.31883023553749 0.000214124411357742 0.00764878837428132
"AT1G65910" -1.61699168035718 0.259084222629278 0.000216832256076859 0.00771788054404921
"AT5G24160" -1.61699168035718 0.259084222629278 0.000216832256076859 0.00771788054404921
"AT5G64110" 1.01155152261547 2.3320218697533 0.000217571873401503 0.0077357537781283
"AT2G22920" -1.73738046210178 0.175792088299679 0.000218654138793636 0.00775978340518011
"AT3G60730" 1.66106265704394 0.196859261218767 0.000218654138793636 0.00775978340518011
"AT1G69480" 1.27444857989636 1.16510394096092 0.000219600477304034 0.00777890892980692
"AT4G08285" 1.07762057615274 1.92788814046231 0.000223161538790008 0.00786129752789228
"AT4G11950" -1.32392915672622 0.967319644886312 0.000224544935818563 0.00790274001766604
"AT3G27980" -1.33121276940468 0.929488049427789 0.000233413521571614 0.00819975044593714
"AT2G18380" -1.18785912700919 1.48430606871354 0.000238082908057742 0.00833312000650132
"AT4G11290" -1.33892418058787 0.89063805055391 0.000242663813041803 0.0084701648672891
"AT4G10060" -2.19427795368022 -0.49860495684024 0.000254748440060683 0.00885152314118039
"AT2G14100" 1.31079125780947 1.03080850852164 0.000258396486350476 0.00895957715536615
"AT4G15490" -1.29914384478477 0.9918580218761 0.000269375336083097 0.00925032966157298
"AT5G27930" -1.29914384478477 0.9918580218761 0.000269375336083097 0.00925032966157298
"AT4G36450" -1.38576213541435 0.781774209738862 0.000272729500020818 0.00930692465397227
"AT5G06630" -2.09472826530603 -0.399006640092693 0.000273435941514631 0.00931438435564469
"AT5G27360" -1.52132790900273 0.413029654595031 0.000275398586516662 0.00937287916642181
"AT5G06330" -1.26008715068038 1.12041496836392 0.000281255462720805 0.00953820701550324
"AT5G48540" 1.11109917253604 1.73250280006145 0.000281742165464711 0.00954623454342097
"AT2G00630" -2.01191379110707 -0.305838890601537 0.000287196811627277 0.00967952113751033
"AT5G10278" 1.34358729038482 0.921188838306708 0.00029303499215994 0.00984154284135396
"AT5G03350" 1.27560262885364 1.08842680452897 0.000293729761455789 0.0098562079709585
"AT1G66780" -1.40743593840717 0.694245274309973 0.000294642739552559 0.0098781629960966
"AT3G02980" -1.01679653894399 2.1420724357536 0.000296821327021119 0.00992506058986729
"AT4G04710" -1.4194260183759 0.648406291404368 0.000306104863701458 0.0101908634047985
"AT1G70230" -1.43229856918574 0.601063647056381 0.000317855338963491 0.0105014270147104
"AT4G16745" -1.43229856918574 0.601063647056381 0.000317855338963491 0.0105014270147104
"AT1G05023" -1.27537297901206 1.01598498844436 0.000320833595961014 0.0105888951558922
"AT1G55755" -1.02208653689922 2.04523540991922 0.000325300811744352 0.0107178056922087
"AT1G62920" -1.2810243183429 0.979425619061402 0.000335547311239915 0.0110042899406147
"AT5G52030" -1.36503996972323 0.767389685619324 0.00034774046441226 0.011310747337348
"AT1G65860" -6.74827047608658 -1.80583247455126 0.00035248667209368 0.0114456259018446
"AT2G39010" -6.74827047608658 -1.80583247455126 0.00035248667209368 0.0114456259018446
"AT2G07680" -1.14542515966699 1.50984521729407 0.000366398073259638 0.0118169567782876
"AT2G38090" -1.14542515966699 1.50984521729407 0.000366398073259638 0.0118169567782876
"AT4G00400" -1.38545060328842 0.678959605337309 0.000378995766634971 0.0121923608632881
"AT5G23360" 2.10556448926937 -0.48481645535131 0.000382556368193707 0.0122965466968391
"AT5G67210" -1.16730408965038 1.3850707723701 0.000386609874682747 0.0124163874471282
"AT1G62670" -1.19107284306081 1.27888029511873 0.000387716976338062 0.0124414793768447
"AT5G26090" -1.53512834032617 0.278872214499478 0.000389740973074751 0.0124854436223426
"AT3G46070" 1.15696551656296 1.3272816933036 0.000424833809307036 0.0134516615606952
"AT4G33800" 1.19266246370957 1.21807427128927 0.000426634588544054 0.0134974883166058
"AT1G04697" 1.46518376788148 0.514763086252663 0.000430600843914461 0.0136004332718921
"AT1G39110" 3.77744396925949 -1.51702976413262 0.000447975323740871 0.0140793298044189
"AT1G58889" 1.01718223998433 1.94716193640967 0.000450886252777112 0.0141591631978181
"AT4G20700" 1.13437798560673 1.374378210207 0.000462518882339318 0.0144887170147738
"AT5G35575" 1.25103030660566 1.03122666036321 0.000468898741608864 0.0146645105217658
"AT3G30580" 1.10022156880474 1.52365009066414 0.000489399128700562 0.0151321418045018
"AT3G50625" 1.00685616341966 1.95962161093449 0.00049414986713535 0.0152420087450973
"AT1G56150" 1.04962180520786 1.78258166237881 0.000500745221591613 0.0154081039739705
"AT4G26260" 1.5657168691097 0.297981762980104 0.000505667427152545 0.0155220388852469
"AT5G10170" -1.48616208777901 0.318235818232037 0.000505667427152545 0.0155220388852469
"AT2G35550" -1.15683433479244 1.31820903970245 0.0005103791749286 0.015631648796841
"AT2G17270" -1.24408791749513 0.954236794104351 0.000519100378990501 0.0158833069488231
"AT5G11460" 1.11696260369708 1.39286383307973 0.000525920155779752 0.0160412093094693
"AT2G21185" -1.02473732583119 1.82261825444512 0.000529072654349188 0.0161238374931988
"AT2G07754" 2.18241712281033 -0.625356947103494 0.000538083912043369 0.0163592932048472
"AT1G09715" 1.09373051633863 1.46419910352252 0.000539089304226874 0.0163768211385898
"AT1G50090" -1.52794857831156 0.196130336909124 0.000543102261677028 0.0164463941034092
"AT2G22730" -1.18356144042398 1.17480614050075 0.000544968796243056 0.0164898402958299
"AT5G07322" -1.21316221440169 1.05122600318316 0.000548994992916551 0.0165985136971587
"AT1G78350" 1.12071961260264 1.36522086133416 0.000552917290831 0.0167038763193612
"AT1G03820" 2.69068470021926 -1.10257414306035 0.000556462411868803 0.0167976866874483
"AT3G28770" -1.25437589538781 0.876846411906374 0.000576244242152491 0.0172937313563326
"AT4G27700" -1.16282153975055 1.22759155794184 0.000595218178304203 0.0177017144522775
"AT5G02140" -1.16282153975055 1.22759155794184 0.000595218178304203 0.0177017144522775
"AT3G61198" 1.9602333851783 -0.41897825419442 0.000596260314972615 0.017718907694587
"AT1G04330" -1.75754539576307 -0.109795946011001 0.000602714647835555 0.0178828761012032
"AT5G52120" -1.86193425570893 -0.276581261912301 0.000612799335442357 0.018069772527569
"AT3G29639" 1.80710478435417 -0.238468732455832 0.000612799335442357 0.018069772527569
"AT4G17483" -1.04206867091759 1.61605828640741 0.000624060200079799 0.0183592933746126
"AT1G77400" -1.02208472401904 1.73760457897375 0.000634612466442955 0.0186295418731435
"AT3G04585" -6.63391113353587 -1.8937748780602 0.000667206915034465 0.0193748770019058
"AT5G60970" -6.63391113353587 -1.8937748780602 0.000667206915034465 0.0193748770019058
"AT3G43863" 6.56671326174841 -1.90832471772993 0.000667206915034465 0.0193748770019058
"AT1G43640" -2.55367337812469 -0.937639505196427 0.000672115982917512 0.0194287819255777
"AT2G03200" -2.55367337812469 -0.937639505196427 0.000672115982917512 0.0194287819255777
"AT4G06080" -2.55367337812469 -0.937639505196427 0.000672115982917512 0.0194287819255777
"AT4G14940" -2.55367337812469 -0.937639505196427 0.000672115982917512 0.0194287819255777
"AT4G04030" 2.42030201416821 -0.955810727222523 0.000672115982917512 0.0194287819255777
"AT2G32860" 1.26000335757747 0.909072173653799 0.000681160214191538 0.0196217124028031
"AT4G04540" -1.12589257940485 1.32769665068498 0.000696347361062438 0.0199780017502106
"AT5G20710" 3.02678060363318 -1.32449819696029 0.000700954322160991 0.0200800013098572
"AT4G01780" 1.06523025411013 1.47307900875366 0.000717527599371058 0.0204532279177076
"AT5G63710" -1.05350956918628 1.55121586739343 0.000724462516008845 0.0205835756222573
"AT4G15330" -1.37230887728942 0.500902429633287 0.000730758228823681 0.0207470139225733
"AT1G75690" 1.08977395332743 1.37472608074881 0.000746897209052732 0.0211266791295464
"AT3G23190" -1.20242227759013 0.966451952963711 0.000755019115078922 0.0213148402553805
"AT1G08340" -2.36040089643635 -0.804263660449673 0.000758987413454117 0.021357917000854
"AT2G10990" -2.36040089643635 -0.804263660449673 0.000758987413454117 0.021357917000854
"AT5G38000" -1.14890288191959 1.18528696280551 0.000760135561235506 0.0213587465352017
"AT1G48930" -1.61218220720456 0.086060763069216 0.000764907811152345 0.0214454990283872
"AT3G01795" -1.61218220720456 0.086060763069216 0.000764907811152345 0.0214454990283872
"AT2G07751" 1.01817283866743 1.76181046269426 0.000771461994452655 0.0215975423168395
"AT2G35310" -1.00144476797719 1.76631613352253 0.000771461994452655 0.0215975423168395
"AT1G02620" -3.81278893184503 -1.57115870707535 0.000794617788386174 0.0220838972833439
"AT2G37460" -3.81278893184503 -1.57115870707535 0.000794617788386174 0.0220838972833439
"AT5G28145" -3.81278893184503 -1.57115870707535 0.000794617788386174 0.0220838972833439
"AT2G07687" 1.34270230169534 0.612563174879397 0.000800375814491012 0.0222057919274981
"AT2G20180" -1.09450537241258 1.39378311918507 0.000841500588468885 0.0231244267398845
"AT2G16050" -1.06617682467034 1.53461916980409 0.00085069281055484 0.0233198533121659
"AT3G50770" -1.41264407415892 0.337226274658502 0.000854382426161688 0.02338741743757
"AT2G38790" -1.76659119037483 -0.219067149055827 0.000864432788052265 0.0236117528215764
"AT2G04205" -1.13115515783654 1.20640288466389 0.000868340537806056 0.0236846084119015
"AT1G61830" -1.82026153641036 -0.306610041010015 0.000878105095587975 0.0238997299929597
"AT2G47770" 1.76771450939395 -0.266776325091028 0.000878105095587975 0.0238997299929597
"AT3G03530" -1.88310073889041 -0.399805181322487 0.000883481012674742 0.0240289216168075
"AT1G18400" -1.33627873352053 0.53470651979529 0.000896798098776058 0.0243391131484453
"AT4G13554" -1.27904009168147 0.708383278534603 0.00090795768883457 0.0245770849646132
"AT2G41950" -1.08006686533859 1.41207269088058 0.000944723437174867 0.0253693454092542
"AT3G14640" 1.53961003794701 0.197483428302857 0.000945626136056421 0.0253757411324318
"AT2G19960" 1.26041265479158 0.817001753391482 0.00095510200996777 0.0255761047353642
"AT3G05620" -1.55216836680891 0.13097287773168 0.00099317467173078 0.0263736912480609
"AT2G03500" -1.46537890127516 0.152593998732453 0.00099317467173078 0.0263736912480609
"AT1G52343" -1.0049545619006 1.59173516930138 0.000994692322552387 0.0263956365733047
"AT1G04425" -1.06607958887188 1.45697199585354 0.00099978686409366 0.0264940049911732
"AT2G03505" -1.24491768744708 0.78082063694014 0.0010152400939821 0.0268104828691565
"AT5G56780" -1.29399743243837 0.616156027587732 0.00102397633670604 0.02700384005073
"AT1G05503" -1.57910815577531 0.0627352522004782 0.00104138009570387 0.0273871489907354
"AT2G40160" -1.05298487097492 1.50051548053651 0.00105412349159328 0.0276461261332287
"AT2G13130" -1.06604468823449 1.43013286041367 0.00105700749737872 0.0276536504960392
"AT3G17220" -1.08056010381762 1.35613954715109 0.00105730712104481 0.0276536504960392
"AT1G30750" -2.48988917402591 -0.985307382862918 0.00106861204299967 0.027834938249649
"AT5G05775" -2.48988917402591 -0.985307382862918 0.00106861204299967 0.027834938249649
"AT1G62560" -1.31124090470919 0.517632759569113 0.0011579275738093 0.0298156590246
"AT3G21520" -1.09808556575383 1.21665574402218 0.00118731687214613 0.0304053249230786
"AT3G05858" -3.07622394050752 -1.36933631735847 0.00118753353409364 0.0304053249230786
"AT1G08465" 2.94491726360217 -1.38550338745716 0.00118753353409364 0.0304053249230786
"AT5G39160" 2.94491726360217 -1.38550338745716 0.00118753353409364 0.0304053249230786
"AT2G42350" 1.0675611387064 1.29906613927015 0.00118799415453919 0.0304053249230786
"AT2G31420" 1.22040631409772 0.789848377615401 0.0011950090876129 0.0305643784458045
"AT3G59060" -1.39891451675809 0.257863013291437 0.00119593656953633 0.0305676264018169
"AT3G52900" -1.26322382264885 0.647387892656605 0.00122607680870808 0.0312339862087797
"AT3G50980" 1.36754832812231 0.446803632119211 0.00123241807467527 0.031353175615956
"AT1G04903" 2.07979295059108 -0.70069150908719 0.00124544435353228 0.0316193484115445
"AT1G30100" 2.07979295059108 -0.70069150908719 0.00124544435353228 0.0316193484115445
"AT5G11140" 2.07979295059108 -0.70069150908719 0.00124544435353228 0.0316193484115445
"AT4G12980" -1.77734919119838 -0.337271639209216 0.00125538484571214 0.0317892080360502
"AT3G49960" -6.50970026052929 -1.98738133605624 0.00126829422587632 0.0319677117553223
"AT4G39810" -6.50970026052929 -1.98738133605624 0.00126829422587632 0.0319677117553223
"AT1G52700" 6.44256529636961 -2.00096108855677 0.00126829422587632 0.0319677117553223
"AT1G74810" 6.44256529636961 -2.00096108855677 0.00126829422587632 0.0319677117553223
"AT3G32920" 6.44256529636961 -2.00096108855677 0.00126829422587632 0.0319677117553223
"AT5G14400" 6.44256529636961 -2.00096108855677 0.00126829422587632 0.0319677117553223
"AT1G06833" -1.22358261790676 0.766429273404321 0.00127472944758271 0.0320875535170687
"AT2G40320" -1.99580715017126 -0.644246857710455 0.00128011015488973 0.0321382553416299
"AT5G42680" -1.99580715017126 -0.644246857710455 0.00128011015488973 0.0321382553416299
"AT1G66783" -1.90904826773147 -0.534509942756116 0.00128925530450664 0.0323253467221867
"AT1G58390" 1.38610805258491 0.3930584743706 0.00131233742804847 0.0327964116671852
"AT1G19160" -1.05181163491527 1.39343795676848 0.00132329707959704 0.032964494053789
"AT4G04890" 1.01282380154357 1.43857351558858 0.00138872461468465 0.0343680091615995
"AT2G09525" -1.27769107850946 0.551048623982878 0.00139667893189228 0.0345201176008018
"AT5G43350" -1.34269149438166 0.355966691474552 0.0013979789255396 0.0345298986097381
"AT1G08957" -3.71408479335392 -1.64561076400712 0.00141036427163769 0.0347235139115132
"AT3G26330" -3.71408479335392 -1.64561076400712 0.00141036427163769 0.0347235139115132
"AT2G37380" 3.58643292503212 -1.6605718927609 0.00141036427163769 0.0347235139115132
"AT3G01660" -2.67985044261999 -1.19228727424603 0.00148806775322852 0.0363553136434959
"AT4G36280" 2.54721410682192 -1.20874844693977 0.00148806775322852 0.0363553136434959
"AT1G53542" 1.13992372476195 0.996463846065317 0.00152506180088461 0.0371248075397869
"AT1G55390" 1.54471528566552 -0.0773582126783418 0.00157061358227753 0.0379351361498101
"AT3G23440" 1.14558478739602 0.959963895937261 0.00163029899902219 0.0391292253781656
"AT2G42065" -1.64244322499603 -0.191518898910463 0.00164800511295093 0.0394549988985229
"AT1G70210" -1.38351556124415 0.173891465675189 0.00169143327477366 0.0402926207301979
"AT4G21515" -2.42315398130587 -1.03458970354348 0.00169524217991273 0.0403581782307652
"AT3G15680" -1.10277907413686 1.01471590081197 0.001741559408859 0.0412295025335957
"AT4G28840" -1.10277907413686 1.01471590081197 0.001741559408859 0.0412295025335957
"AT5G41280" -1.10277907413686 1.01471590081197 0.001741559408859 0.0412295025335957
"AT4G18780" -1.73312120349227 -0.368593224326926 0.00179022982299 0.0421465573493811
"AT5G38010" -1.39997206523829 0.107714151168617 0.00180167887822055 0.04238996281191
"AT2G45180" -2.24071605913555 -0.892427509974018 0.00182282789649515 0.0427654387773459
"AT5G03204" -2.24071605913555 -0.892427509974018 0.00182282789649515 0.0427654387773459
"AT1G70640" 2.10694330438721 -0.909403295967597 0.00182282789649515 0.0427654387773459
"AT4G03610" -1.79035675680808 -0.465999427327954 0.00184760153602397 0.0432307060383648
"AT5G38070" -1.79035675680808 -0.465999427327954 0.00184760153602397 0.0432307060383648
"AT2G35950" -1.17647454663458 0.780343746082582 0.0018629053157441 0.0434822141729856
"AT4G28410" 2.02560683683823 -0.739900682464751 0.00188766914465195 0.043952764608341
"AT2G42820" -1.51059459286238 0.0149311254112125 0.0019178389015055 0.0444924643334685
"AT4G34930" -1.51059459286238 0.0149311254112125 0.0019178389015055 0.0444924643334685
"AT2G26695" -1.25982270036857 0.482871547231984 0.00192056926756699 0.0445287541295162
"AT4G38775" 1.06730612981545 1.13426885654982 0.00195202860777488 0.0450456980087251
"AT5G66490" -1.06560448055022 1.13010569702681 0.00195202860777488 0.0450456980087251
"AT3G13590" -1.21601259298147 0.61563893287 0.00197446551307829 0.0454472212672739
"AT4G19030" -1.21601259298147 0.61563893287 0.00197446551307829 0.0454472212672739
